---- HEADER ----

1pctCO2-cdr 1% percent increase to 4x CO2 then decrease from 1939 onwards

---- METADATA ----



&THISFILE_SPECIFICATIONS
    THISFILE_DATACOLUMNS = 1
    THISFILE_FIRSTYEAR = 1600
    THISFILE_LASTYEAR =  2078
    THISFILE_ANNUALSTEPS = 1
    THISFILE_UNITS = 'ppm'
    THISFILE_DATTYPE = 'NOTUSED'
    THISFILE_FIRSTDATAROW = 23
/

   VARIABLE            CO2_CONC
       TODO                 SET
      UNITS                 ppm
      YEARS               WORLD
       1600         2.76744e+02
       1601         2.76744e+02
       1602         2.76744e+02
       1603         2.76744e+02
       1604         2.76744e+02
       1605         2.76744e+02
       1606         2.76744e+02
       1607         2.76744e+02
       1608         2.76744e+02
       1609         2.76744e+02
       1610         2.76744e+02
       1611         2.76744e+02
       1612         2.76744e+02
       1613         2.76744e+02
       1614         2.76744e+02
       1615         2.76744e+02
       1616         2.76744e+02
       1617         2.76744e+02
       1618         2.76744e+02
       1619         2.76744e+02
       1620         2.76744e+02
       1621         2.76744e+02
       1622         2.76744e+02
       1623         2.76744e+02
       1624         2.76744e+02
       1625         2.76744e+02
       1626         2.76744e+02
       1627         2.76744e+02
       1628         2.76744e+02
       1629         2.76744e+02
       1630         2.76744e+02
       1631         2.76744e+02
       1632         2.76744e+02
       1633         2.76744e+02
       1634         2.76744e+02
       1635         2.76744e+02
       1636         2.76744e+02
       1637         2.76744e+02
       1638         2.76744e+02
       1639         2.76744e+02
       1640         2.76744e+02
       1641         2.76744e+02
       1642         2.76744e+02
       1643         2.76744e+02
       1644         2.76744e+02
       1645         2.76744e+02
       1646         2.76744e+02
       1647         2.76744e+02
       1648         2.76744e+02
       1649         2.76744e+02
       1650         2.76744e+02
       1651         2.76744e+02
       1652         2.76744e+02
       1653         2.76744e+02
       1654         2.76744e+02
       1655         2.76744e+02
       1656         2.76744e+02
       1657         2.76744e+02
       1658         2.76744e+02
       1659         2.76744e+02
       1660         2.76744e+02
       1661         2.76744e+02
       1662         2.76744e+02
       1663         2.76744e+02
       1664         2.76744e+02
       1665         2.76744e+02
       1666         2.76744e+02
       1667         2.76744e+02
       1668         2.76744e+02
       1669         2.76744e+02
       1670         2.76744e+02
       1671         2.76744e+02
       1672         2.76744e+02
       1673         2.76744e+02
       1674         2.76744e+02
       1675         2.76744e+02
       1676         2.76744e+02
       1677         2.76744e+02
       1678         2.76744e+02
       1679         2.76744e+02
       1680         2.76744e+02
       1681         2.76744e+02
       1682         2.76744e+02
       1683         2.76744e+02
       1684         2.76744e+02
       1685         2.76744e+02
       1686         2.76744e+02
       1687         2.76744e+02
       1688         2.76744e+02
       1689         2.76744e+02
       1690         2.76744e+02
       1691         2.76744e+02
       1692         2.76744e+02
       1693         2.76744e+02
       1694         2.76744e+02
       1695         2.76744e+02
       1696         2.76744e+02
       1697         2.76744e+02
       1698         2.76744e+02
       1699         2.76744e+02
       1700         2.76744e+02
       1701         2.76744e+02
       1702         2.76744e+02
       1703         2.76744e+02
       1704         2.76744e+02
       1705         2.76744e+02
       1706         2.76744e+02
       1707         2.76744e+02
       1708         2.76744e+02
       1709         2.76744e+02
       1710         2.76744e+02
       1711         2.76744e+02
       1712         2.76744e+02
       1713         2.76744e+02
       1714         2.76744e+02
       1715         2.76744e+02
       1716         2.76744e+02
       1717         2.76744e+02
       1718         2.76744e+02
       1719         2.76744e+02
       1720         2.76744e+02
       1721         2.76744e+02
       1722         2.76744e+02
       1723         2.76744e+02
       1724         2.76744e+02
       1725         2.76744e+02
       1726         2.76744e+02
       1727         2.76744e+02
       1728         2.76744e+02
       1729         2.76744e+02
       1730         2.76744e+02
       1731         2.76744e+02
       1732         2.76744e+02
       1733         2.76744e+02
       1734         2.76744e+02
       1735         2.76744e+02
       1736         2.76744e+02
       1737         2.76744e+02
       1738         2.76744e+02
       1739         2.76744e+02
       1740         2.76744e+02
       1741         2.76744e+02
       1742         2.76744e+02
       1743         2.76744e+02
       1744         2.76744e+02
       1745         2.76744e+02
       1746         2.76744e+02
       1747         2.76744e+02
       1748         2.76744e+02
       1749         2.76744e+02
       1750         2.76744e+02
       1751         2.76744e+02
       1752         2.76744e+02
       1753         2.76744e+02
       1754         2.76744e+02
       1755         2.76744e+02
       1756         2.76744e+02
       1757         2.76744e+02
       1758         2.76744e+02
       1759         2.76744e+02
       1760         2.76744e+02
       1761         2.76744e+02
       1762         2.76744e+02
       1763         2.76744e+02
       1764         2.76744e+02
       1765         2.76744e+02
       1766         2.76744e+02
       1767         2.76744e+02
       1768         2.76744e+02
       1769         2.76744e+02
       1770         2.76744e+02
       1771         2.76744e+02
       1772         2.76744e+02
       1773         2.76744e+02
       1774         2.76744e+02
       1775         2.76744e+02
       1776         2.76744e+02
       1777         2.76744e+02
       1778         2.76744e+02
       1779         2.76744e+02
       1780         2.76744e+02
       1781         2.76744e+02
       1782         2.76744e+02
       1783         2.76744e+02
       1784         2.76744e+02
       1785         2.76744e+02
       1786         2.76744e+02
       1787         2.76744e+02
       1788         2.76744e+02
       1789         2.76744e+02
       1790         2.76744e+02
       1791         2.76744e+02
       1792         2.76744e+02
       1793         2.76744e+02
       1794         2.76744e+02
       1795         2.76744e+02
       1796         2.76744e+02
       1797         2.76744e+02
       1798         2.76744e+02
       1799         2.76744e+02
       1800         2.76744e+02
       1801         2.79511e+02
       1802         2.82307e+02
       1803         2.85130e+02
       1804         2.87981e+02
       1805         2.90861e+02
       1806         2.93769e+02
       1807         2.96707e+02
       1808         2.99674e+02
       1809         3.02671e+02
       1810         3.05698e+02
       1811         3.08755e+02
       1812         3.11842e+02
       1813         3.14960e+02
       1814         3.18110e+02
       1815         3.21291e+02
       1816         3.24504e+02
       1817         3.27749e+02
       1818         3.31027e+02
       1819         3.34337e+02
       1820         3.37680e+02
       1821         3.41057e+02
       1822         3.44468e+02
       1823         3.47912e+02
       1824         3.51391e+02
       1825         3.54905e+02
       1826         3.58454e+02
       1827         3.62039e+02
       1828         3.65659e+02
       1829         3.69316e+02
       1830         3.73009e+02
       1831         3.76739e+02
       1832         3.80507e+02
       1833         3.84312e+02
       1834         3.88155e+02
       1835         3.92036e+02
       1836         3.95957e+02
       1837         3.99916e+02
       1838         4.03915e+02
       1839         4.07955e+02
       1840         4.12034e+02
       1841         4.16154e+02
       1842         4.20316e+02
       1843         4.24519e+02
       1844         4.28764e+02
       1845         4.33052e+02
       1846         4.37383e+02
       1847         4.41756e+02
       1848         4.46174e+02
       1849         4.50636e+02
       1850         4.55142e+02
       1851         4.59693e+02
       1852         4.64290e+02
       1853         4.68933e+02
       1854         4.73623e+02
       1855         4.78359e+02
       1856         4.83142e+02
       1857         4.87974e+02
       1858         4.92854e+02
       1859         4.97782e+02
       1860         5.02760e+02
       1861         5.07788e+02
       1862         5.12865e+02
       1863         5.17994e+02
       1864         5.23174e+02
       1865         5.28406e+02
       1866         5.33690e+02
       1867         5.39027e+02
       1868         5.44417e+02
       1869         5.49861e+02
       1870         5.55360e+02
       1871         5.60913e+02
       1872         5.66522e+02
       1873         5.72188e+02
       1874         5.77910e+02
       1875         5.83689e+02
       1876         5.89526e+02
       1877         5.95421e+02
       1878         6.01375e+02
       1879         6.07389e+02
       1880         6.13463e+02
       1881         6.19597e+02
       1882         6.25793e+02
       1883         6.32051e+02
       1884         6.38372e+02
       1885         6.44755e+02
       1886         6.51203e+02
       1887         6.57715e+02
       1888         6.64292e+02
       1889         6.70935e+02
       1890         6.77644e+02
       1891         6.84421e+02
       1892         6.91265e+02
       1893         6.98178e+02
       1894         7.05159e+02
       1895         7.12211e+02
       1896         7.19333e+02
       1897         7.26527e+02
       1898         7.33792e+02
       1899         7.41130e+02
       1900         7.48541e+02
       1901         7.56026e+02
       1902         7.63587e+02
       1903         7.71223e+02
       1904         7.78935e+02
       1905         7.86724e+02
       1906         7.94591e+02
       1907         8.02537e+02
       1908         8.10563e+02
       1909         8.18668e+02
       1910         8.26855e+02
       1911         8.35123e+02
       1912         8.43475e+02
       1913         8.51909e+02
       1914         8.60429e+02
       1915         8.69033e+02
       1916         8.77723e+02
       1917         8.86500e+02
       1918         8.95365e+02
       1919         9.04319e+02
       1920         9.13362e+02
       1921         9.22496e+02
       1922         9.31721e+02
       1923         9.41038e+02
       1924         9.50448e+02
       1925         9.59953e+02
       1926         9.69552e+02
       1927         9.79248e+02
       1928         9.89040e+02
       1929         9.98931e+02
       1930         1.00892e+03
       1931         1.01901e+03
       1932         1.02920e+03
       1933         1.03949e+03
       1934         1.04989e+03
       1935         1.06039e+03
       1936         1.07099e+03
       1937         1.08170e+03
       1938         1.09252e+03
       1939         1.10344e+03
       1940         1.09252e+03
       1941         1.08170e+03
       1942         1.07099e+03
       1943         1.06039e+03
       1944         1.04989e+03
       1945         1.03949e+03
       1946         1.02920e+03
       1947         1.01901e+03
       1948         1.00892e+03
       1949         9.98931e+02
       1950         9.89040e+02
       1951         9.79248e+02
       1952         9.69552e+02
       1953         9.59953e+02
       1954         9.50448e+02
       1955         9.41038e+02
       1956         9.31721e+02
       1957         9.22496e+02
       1958         9.13362e+02
       1959         9.04319e+02
       1960         8.95365e+02
       1961         8.86500e+02
       1962         8.77723e+02
       1963         8.69033e+02
       1964         8.60429e+02
       1965         8.51909e+02
       1966         8.43475e+02
       1967         8.35123e+02
       1968         8.26855e+02
       1969         8.18668e+02
       1970         8.10563e+02
       1971         8.02537e+02
       1972         7.94591e+02
       1973         7.86724e+02
       1974         7.78935e+02
       1975         7.71223e+02
       1976         7.63587e+02
       1977         7.56026e+02
       1978         7.48541e+02
       1979         7.41130e+02
       1980         7.33792e+02
       1981         7.26527e+02
       1982         7.19333e+02
       1983         7.12211e+02
       1984         7.05159e+02
       1985         6.98178e+02
       1986         6.91265e+02
       1987         6.84421e+02
       1988         6.77644e+02
       1989         6.70935e+02
       1990         6.64292e+02
       1991         6.57715e+02
       1992         6.51203e+02
       1993         6.44755e+02
       1994         6.38372e+02
       1995         6.32051e+02
       1996         6.25793e+02
       1997         6.19597e+02
       1998         6.13463e+02
       1999         6.07389e+02
       2000         6.01375e+02
       2001         5.95421e+02
       2002         5.89526e+02
       2003         5.83689e+02
       2004         5.77910e+02
       2005         5.72188e+02
       2006         5.66522e+02
       2007         5.60913e+02
       2008         5.55360e+02
       2009         5.49861e+02
       2010         5.44417e+02
       2011         5.39027e+02
       2012         5.33690e+02
       2013         5.28406e+02
       2014         5.23174e+02
       2015         5.17994e+02
       2016         5.12865e+02
       2017         5.07788e+02
       2018         5.02760e+02
       2019         4.97782e+02
       2020         4.92854e+02
       2021         4.87974e+02
       2022         4.83142e+02
       2023         4.78359e+02
       2024         4.73623e+02
       2025         4.68933e+02
       2026         4.64290e+02
       2027         4.59693e+02
       2028         4.55142e+02
       2029         4.50636e+02
       2030         4.46174e+02
       2031         4.41756e+02
       2032         4.37383e+02
       2033         4.33052e+02
       2034         4.28764e+02
       2035         4.24519e+02
       2036         4.20316e+02
       2037         4.16154e+02
       2038         4.12034e+02
       2039         4.07955e+02
       2040         4.03915e+02
       2041         3.99916e+02
       2042         3.95957e+02
       2043         3.92036e+02
       2044         3.88155e+02
       2045         3.84312e+02
       2046         3.80507e+02
       2047         3.76739e+02
       2048         3.73009e+02
       2049         3.69316e+02
       2050         3.65659e+02
       2051         3.62039e+02
       2052         3.58454e+02
       2053         3.54905e+02
       2054         3.51391e+02
       2055         3.47912e+02
       2056         3.44468e+02
       2057         3.41057e+02
       2058         3.37680e+02
       2059         3.34337e+02
       2060         3.31027e+02
       2061         3.27749e+02
       2062         3.24504e+02
       2063         3.21291e+02
       2064         3.18110e+02
       2065         3.14960e+02
       2066         3.11842e+02
       2067         3.08755e+02
       2068         3.05698e+02
       2069         3.02671e+02
       2070         2.99674e+02
       2071         2.96707e+02
       2072         2.93769e+02
       2073         2.90861e+02
       2074         2.87981e+02
       2075         2.85130e+02
       2076         2.84700e+02
       2077         2.84700e+02
       2078         2.84700e+02
       2079         2.84700e+02
       2080         2.84700e+02
       2081         2.84700e+02
       2082         2.84700e+02
       2083         2.84700e+02
       2084         2.84700e+02
       2085         2.84700e+02
       2086         2.84700e+02
       2087         2.84700e+02
       2088         2.84700e+02
       2089         2.84700e+02
       2090         2.84700e+02
       2091         2.84700e+02
       2092         2.84700e+02
       2093         2.84700e+02
       2094         2.84700e+02
       2095         2.84700e+02
       2096         2.84700e+02
       2097         2.84700e+02
       2098         2.84700e+02
       2099         2.84700e+02
       2100         2.84700e+02
       2101         2.84700e+02
       2102         2.84700e+02
       2103         2.84700e+02
       2104         2.84700e+02
       2105         2.84700e+02
       2106         2.84700e+02
       2107         2.84700e+02
       2108         2.84700e+02
       2109         2.84700e+02
       2110         2.84700e+02
       2111         2.84700e+02
       2112         2.84700e+02
       2113         2.84700e+02
       2114         2.84700e+02
       2115         2.84700e+02
       2116         2.84700e+02
       2117         2.84700e+02
       2118         2.84700e+02
       2119         2.84700e+02
       2120         2.84700e+02
       2121         2.84700e+02
       2122         2.84700e+02
       2123         2.84700e+02
       2124         2.84700e+02
       2125         2.84700e+02
       2126         2.84700e+02
       2127         2.84700e+02
       2128         2.84700e+02
       2129         2.84700e+02
       2130         2.84700e+02
       2131         2.84700e+02
       2132         2.84700e+02
       2133         2.84700e+02
       2134         2.84700e+02
       2135         2.84700e+02
       2136         2.84700e+02
       2137         2.84700e+02
       2138         2.84700e+02
       2139         2.84700e+02
       2140         2.84700e+02
       2141         2.84700e+02
       2142         2.84700e+02
       2143         2.84700e+02
       2144         2.84700e+02
       2145         2.84700e+02
       2146         2.84700e+02
       2147         2.84700e+02
       2148         2.84700e+02
       2149         2.84700e+02
       2150         2.84700e+02
       2151         2.84700e+02
       2152         2.84700e+02
       2153         2.84700e+02
       2154         2.84700e+02
       2155         2.84700e+02
       2156         2.84700e+02
       2157         2.84700e+02
       2158         2.84700e+02
       2159         2.84700e+02
       2160         2.84700e+02
       2161         2.84700e+02
       2162         2.84700e+02
       2163         2.84700e+02
       2164         2.84700e+02
       2165         2.84700e+02
       2166         2.84700e+02
       2167         2.84700e+02
       2168         2.84700e+02
       2169         2.84700e+02
       2170         2.84700e+02
       2171         2.84700e+02
       2172         2.84700e+02
       2173         2.84700e+02
       2174         2.84700e+02
       2175         2.84700e+02
       2176         2.84700e+02
       2177         2.84700e+02
       2178         2.84700e+02
       2179         2.84700e+02
       2180         2.84700e+02
       2181         2.84700e+02
       2182         2.84700e+02
       2183         2.84700e+02
       2184         2.84700e+02
       2185         2.84700e+02
       2186         2.84700e+02
       2187         2.84700e+02
       2188         2.84700e+02
       2189         2.84700e+02
       2190         2.84700e+02
       2191         2.84700e+02
       2192         2.84700e+02
       2193         2.84700e+02
       2194         2.84700e+02
       2195         2.84700e+02
       2196         2.84700e+02
       2197         2.84700e+02
       2198         2.84700e+02
       2199         2.84700e+02
       2200         2.84700e+02
       2201         2.84700e+02
       2202         2.84700e+02
       2203         2.84700e+02
       2204         2.84700e+02
       2205         2.84700e+02
       2206         2.84700e+02
       2207         2.84700e+02
       2208         2.84700e+02
       2209         2.84700e+02
       2210         2.84700e+02
       2211         2.84700e+02
       2212         2.84700e+02
       2213         2.84700e+02
       2214         2.84700e+02
       2215         2.84700e+02
       2216         2.84700e+02
       2217         2.84700e+02
       2218         2.84700e+02
       2219         2.84700e+02
       2220         2.84700e+02
       2221         2.84700e+02
       2222         2.84700e+02
       2223         2.84700e+02
       2224         2.84700e+02
       2225         2.84700e+02
       2226         2.84700e+02
       2227         2.84700e+02
       2228         2.84700e+02
       2229         2.84700e+02
       2230         2.84700e+02
       2231         2.84700e+02
       2232         2.84700e+02
       2233         2.84700e+02
       2234         2.84700e+02
       2235         2.84700e+02
       2236         2.84700e+02
       2237         2.84700e+02
       2238         2.84700e+02
       2239         2.84700e+02
       2240         2.84700e+02
       2241         2.84700e+02
       2242         2.84700e+02
       2243         2.84700e+02
       2244         2.84700e+02
       2245         2.84700e+02
       2246         2.84700e+02
       2247         2.84700e+02
       2248         2.84700e+02
       2249         2.84700e+02
       2250         2.84700e+02
