 1850 -0.675 -0.333 -0.591 -0.589 -0.508 -0.344 -0.160 -0.208 -0.385 -0.533 -0.283 -0.404 -0.418
 1850     53     47     44     48     49     49     52     55     57     55     58     58
 1851 -0.201 -0.469 -0.646 -0.542 -0.198 -0.137 -0.097 -0.102 -0.091 -0.008 -0.082 -0.228 -0.233
 1851     58     55     56     55     54     53     54     59     47     51     48     48
 1852 -0.375 -0.477 -0.560 -0.585 -0.127 -0.084  0.005 -0.136 -0.002 -0.172 -0.305  0.065 -0.229
 1852     53     55     56     56     56     59     58     58     55     55     54     58
 1853 -0.233 -0.404 -0.280 -0.386 -0.268 -0.142 -0.083 -0.057 -0.250 -0.392 -0.411 -0.337 -0.270
 1853     59     59     58     55     60     60     60     64     64     69     61     64
 1854 -0.381 -0.361 -0.243 -0.334 -0.291 -0.299 -0.179 -0.239 -0.217 -0.095 -0.410 -0.450 -0.292
 1854     66     64     64     65     65     61     65     66     61     64     62     59
 1855 -0.159 -0.313 -0.344 -0.218 -0.388 -0.333 -0.333 -0.200 -0.271 -0.195 -0.389 -0.420 -0.297
 1855     61     67     61     62     67     63     69     67     64     58     62     56
 1856 -0.076 -0.337 -0.358 -0.316 -0.285 -0.214 -0.225 -0.238 -0.388 -0.438 -0.552 -0.418 -0.320
 1856     60     66     70     69     67     64     66     72     65     67     71     65
 1857 -0.495 -0.435 -0.479 -0.644 -0.659 -0.304 -0.411 -0.369 -0.380 -0.473 -0.685 -0.274 -0.467
 1857     67     68     67     66     70     67     69     64     67     71     63     58
 1858 -0.295 -0.477 -0.548 -0.428 -0.532 -0.380 -0.336 -0.278 -0.283 -0.289 -0.366 -0.455 -0.389
 1858     60     65     61     67     65     62     68     70     70     67     62     65
 1859 -0.381 -0.344 -0.314 -0.157 -0.152 -0.250 -0.312 -0.245 -0.394 -0.255 -0.288 -0.284 -0.281
 1859     65     63     66     65     67     70     66     66     63     61     60     59
 1860 -0.391 -0.468 -0.786 -0.306 -0.364 -0.211 -0.185 -0.114 -0.131 -0.346 -0.605 -0.774 -0.390
 1860     60     56     57     63     64     57     57     57     48     53     52     50
 1861 -0.918 -0.625 -0.416 -0.386 -0.661 -0.252 -0.298 -0.041 -0.270 -0.477 -0.458 -0.351 -0.429
 1861     49     51     46     42     38     40     44     45     46     46     43     45
 1862 -0.825 -0.716 -0.535 -0.522 -0.348 -0.307 -0.345 -0.456 -0.362 -0.449 -0.678 -0.895 -0.536
 1862     47     49     44     46     51     53     49     49     53     51     45     43
 1863 -0.076 -0.250 -0.355 -0.288 -0.384 -0.369 -0.312 -0.297 -0.352 -0.504 -0.441 -0.503 -0.344
 1863     47     44     45     47     50     50     43     45     41     39     39     39
 1864 -0.853 -0.593 -0.499 -0.544 -0.323 -0.113 -0.260 -0.308 -0.443 -0.603 -0.456 -0.590 -0.465
 1864     42     43     43     42     45     49     46     46     42     42     46     44
 1865 -0.176 -0.467 -0.661 -0.448 -0.378 -0.196 -0.216 -0.212 -0.171 -0.269 -0.337 -0.461 -0.333
 1865     42     42     41     43     43     43     40     46     41     38     39     40
 1866 -0.132 -0.401 -0.682 -0.454 -0.572 -0.099 -0.009 -0.249 -0.378 -0.421 -0.298 -0.400 -0.341
 1866     41     43     40     41     41     42     43     42     41     42     41     42
 1867 -0.405 -0.354 -0.681 -0.421 -0.574 -0.350 -0.253 -0.330 -0.148 -0.125 -0.196 -0.445 -0.357
 1867     38     41     46     43     41     43     45     42     43     42     42     40
 1868 -0.685 -0.693 -0.335 -0.363 -0.286 -0.298 -0.060 -0.193 -0.345 -0.230 -0.423 -0.314 -0.352
 1868     41     42     46     46     46     46     50     52     57     51     54     51
 1869 -0.336  0.131 -0.626 -0.406 -0.310 -0.385 -0.417 -0.168 -0.172 -0.293 -0.282 -0.537 -0.317
 1869     49     52     51     50     52     52     48     53     64     61     61     57
 1870 -0.211 -0.454 -0.498 -0.333 -0.298 -0.231 -0.073 -0.258 -0.202 -0.443 -0.266 -0.666 -0.328
 1870     61     62     62     58     57     61     63     54     55     48     58     54
 1871 -0.558 -0.672 -0.172 -0.222 -0.362 -0.286 -0.082 -0.322 -0.361 -0.373 -0.523 -0.489 -0.369
 1871     54     52     56     65     57     58     55     61     58     52     57     57
 1872 -0.599 -0.620 -0.524 -0.385 -0.142 -0.279 -0.146  0.009 -0.176 -0.204 -0.322 -0.548 -0.328
 1872     61     59     57     61     60     60     58     61     64     65     61     67
 1873 -0.262 -0.283 -0.409 -0.481 -0.351 -0.321 -0.176 -0.228 -0.405 -0.391 -0.463 -0.328 -0.341
 1873     62     58     65     61     64     66     63     71     58     66     66     65
 1874 -0.199 -0.438 -0.673 -0.437 -0.334 -0.566 -0.167 -0.296 -0.168 -0.471 -0.418 -0.312 -0.373
 1874     59     63     66     65     56     57     63     62     65     69     66     62
 1875 -0.571 -0.479 -0.564 -0.358 -0.273 -0.280 -0.182 -0.246 -0.234 -0.233 -0.509 -0.577 -0.376
 1875     62     66     68     65     67     69     73     71     65     66     65     67
 1876 -0.514 -0.337 -0.362 -0.424 -0.590 -0.352 -0.214 -0.327 -0.418 -0.300 -0.607 -0.643 -0.424
 1876     63     64     64     61     66     73     68     65     58     65     66     67
 1877 -0.411 -0.209 -0.091 -0.346 -0.411 -0.138 -0.016  0.211  0.108  0.113  0.034 -0.056 -0.101
 1877     65     63     68     64     62     65     64     68     72     64     64     69
 1878 -0.070  0.229  0.361  0.189 -0.122  0.010 -0.077 -0.047  0.021 -0.165 -0.143 -0.323 -0.011
 1878     71     70     63     70     65     64     67     77     72     68     70     72
 1879 -0.238 -0.266 -0.258 -0.382 -0.344 -0.283 -0.264 -0.265 -0.236 -0.159 -0.397 -0.550 -0.304
 1879     66     70     75     73     74     78     75     77     72     70     71     71
 1880 -0.394 -0.450 -0.194 -0.338 -0.325 -0.381 -0.315 -0.107 -0.297 -0.391 -0.281 -0.317 -0.316
 1880     71     75     70     65     65     74     75     77     74     74     75     76
 1881 -0.215 -0.225 -0.248 -0.063 -0.122 -0.399 -0.194 -0.138 -0.301 -0.231 -0.381 -0.271 -0.232
 1881     74     76     76     77     72     73     74     78     78     79     78     78
 1882 -0.025 -0.117 -0.177 -0.315 -0.326 -0.392 -0.341 -0.245 -0.150 -0.399 -0.404 -0.655 -0.296
 1882     78     78     81     81     79     78     82     80     77     79     77     78
 1883 -0.473 -0.485 -0.266 -0.439 -0.340 -0.190 -0.219 -0.288 -0.306 -0.340 -0.396 -0.415 -0.346
 1883     80     77     80     79     80     78     82     83     85     85     83     83
 1884 -0.444 -0.333 -0.505 -0.509 -0.566 -0.514 -0.566 -0.429 -0.504 -0.463 -0.585 -0.490 -0.492
 1884     78     82     79     83     87     86     84     85     84     85     85     83
 1885 -0.656 -0.553 -0.421 -0.635 -0.606 -0.637 -0.420 -0.405 -0.357 -0.362 -0.384 -0.218 -0.471
 1885     84     84     86     86     85     83     83     85     86     87     86     87
 1886 -0.480 -0.479 -0.487 -0.362 -0.293 -0.502 -0.302 -0.457 -0.391 -0.413 -0.491 -0.395 -0.421
 1886     85     88     88     86     87     88     87     86     86     87     85     87
 1887 -0.744 -0.659 -0.445 -0.483 -0.529 -0.526 -0.389 -0.446 -0.389 -0.445 -0.435 -0.497 -0.499
 1887     88     87     86     87     83     84     86     85     86     85     87     83
 1888 -0.618 -0.587 -0.597 -0.352 -0.411 -0.322 -0.339 -0.311 -0.325 -0.166 -0.265 -0.259 -0.379
 1888     82     84     87     86     83     84     84     84     81     83     82     80
 1889 -0.297 -0.007 -0.087 -0.087 -0.158 -0.213 -0.281 -0.307 -0.342 -0.370 -0.506 -0.344 -0.250
 1889     80     78     82     84     81     77     78     81     82     79     80     83
 1890 -0.534 -0.465 -0.611 -0.494 -0.536 -0.495 -0.489 -0.467 -0.482 -0.439 -0.670 -0.399 -0.507
 1890     83     77     76     79     80     79     80     82     79     76     78     77
 1891 -0.580 -0.598 -0.363 -0.448 -0.346 -0.375 -0.400 -0.355 -0.257 -0.343 -0.534 -0.218 -0.401
 1891     78     77     77     77     81     80     78     77     77     78     81     78
 1892 -0.465 -0.290 -0.533 -0.546 -0.457 -0.436 -0.587 -0.508 -0.382 -0.434 -0.661 -0.792 -0.508
 1892     78     80     81     77     79     80     72     79     79     77     76     77
 1893 -1.045 -0.845 -0.427 -0.515 -0.572 -0.442 -0.244 -0.287 -0.365 -0.304 -0.405 -0.485 -0.495
 1893     76     79     78     79     80     75     79     82     83     80     81     76
 1894 -0.628 -0.429 -0.512 -0.537 -0.519 -0.584 -0.392 -0.354 -0.440 -0.399 -0.460 -0.552 -0.484
 1894     80     79     77     79     77     79     76     80     80     79     76     77
 1895 -0.636 -0.642 -0.618 -0.461 -0.483 -0.425 -0.335 -0.377 -0.394 -0.326 -0.321 -0.367 -0.449
 1895     79     77     74     73     77     76     77     79     79     83     79     79
 1896 -0.315 -0.337 -0.588 -0.546 -0.356 -0.230 -0.182 -0.172 -0.155 -0.118 -0.314 -0.094 -0.284
 1896     80     80     78     80     75     80     81     80     78     83     83     79
 1897 -0.300 -0.349 -0.415 -0.118 -0.114 -0.163 -0.187 -0.185 -0.186 -0.212 -0.423 -0.465 -0.260
 1897     76     77     78     82     84     82     82     81     86     82     81     81
 1898 -0.199 -0.556 -0.843 -0.663 -0.560 -0.335 -0.395 -0.389 -0.371 -0.501 -0.529 -0.490 -0.486
 1898     82     83     81     82     86     86     83     84     82     85     82     85
 1899 -0.360 -0.554 -0.589 -0.439 -0.359 -0.501 -0.366 -0.240 -0.152 -0.183 -0.057 -0.466 -0.355
 1899     85     82     82     86     89     84     84     86     88     88     86     87
 1900 -0.507 -0.203 -0.200 -0.224 -0.303 -0.217 -0.191 -0.211 -0.196 -0.065 -0.263 -0.236 -0.234
 1900     82     83     81     82     85     80     82     84     84     85     85     86
 1901 -0.281 -0.268 -0.201 -0.175 -0.249 -0.237 -0.329 -0.205 -0.355 -0.341 -0.396 -0.485 -0.293
 1901     87     88     87     89     86     87     86     87     89     87     87     86
 1902 -0.440 -0.232 -0.474 -0.431 -0.430 -0.445 -0.389 -0.425 -0.373 -0.501 -0.563 -0.566 -0.439
 1902     88     86     89     89     88     90     91     91     86     86     87     86
 1903 -0.434 -0.240 -0.398 -0.588 -0.516 -0.548 -0.505 -0.601 -0.560 -0.665 -0.630 -0.714 -0.533
 1903     85     90     90     89     91     89     90     91     89     88     90     92
 1904 -0.807 -0.770 -0.696 -0.647 -0.609 -0.564 -0.553 -0.478 -0.597 -0.553 -0.397 -0.500 -0.598
 1904     90     90     87     87     90     90     89     91     89     89     88     90
 1905 -0.463 -0.720 -0.524 -0.559 -0.434 -0.343 -0.373 -0.304 -0.345 -0.335 -0.217 -0.274 -0.408
 1905     89     87     88     88     90     87     91     89     87     87     91     90
 1906 -0.297 -0.389 -0.290 -0.104 -0.377 -0.233 -0.343 -0.271 -0.353 -0.322 -0.532 -0.321 -0.319
 1906     87     91     88     88     89     91     87     91     88     85     88     88
 1907 -0.529 -0.619 -0.438 -0.478 -0.645 -0.544 -0.425 -0.491 -0.399 -0.336 -0.556 -0.590 -0.504
 1907     90     89     88     90     90     90     90     89     91     86     91     92
 1908 -0.466 -0.414 -0.704 -0.588 -0.453 -0.413 -0.401 -0.481 -0.387 -0.575 -0.645 -0.638 -0.514
 1908     87     89     91     92     89     87     89     88     87     91     90     93
 1909 -0.763 -0.536 -0.652 -0.633 -0.592 -0.500 -0.524 -0.337 -0.416 -0.495 -0.387 -0.596 -0.536
 1909     91     88     89     89     89     89     93     90     89     91     90     93
 1910 -0.433 -0.529 -0.619 -0.535 -0.537 -0.559 -0.435 -0.389 -0.423 -0.485 -0.672 -0.757 -0.531
 1910     93     91     87     87     90     90     88     87     87     89     92     90
 1911 -0.668 -0.706 -0.764 -0.644 -0.627 -0.554 -0.493 -0.506 -0.498 -0.345 -0.349 -0.315 -0.539
 1911     92     90     91     89     90     88     90     90     81     85     88     89
 1912 -0.329 -0.315 -0.554 -0.338 -0.335 -0.285 -0.507 -0.572 -0.644 -0.679 -0.558 -0.591 -0.476
 1912     91     93     91     90     93     91     92     91     88     90     91     91
 1913 -0.564 -0.550 -0.606 -0.534 -0.541 -0.551 -0.477 -0.396 -0.417 -0.438 -0.368 -0.164 -0.467
 1913     92     93     93     90     93     91     92     93     91     92     90     93
 1914 -0.078 -0.270 -0.397 -0.409 -0.308 -0.308 -0.297 -0.245 -0.301 -0.110 -0.190 -0.237 -0.263
 1914     92     93     93     93     92     92     92     91     83     89     88     88
 1915 -0.287 -0.220 -0.194 -0.083 -0.168 -0.172 -0.169 -0.067 -0.120 -0.286 -0.173 -0.362 -0.192
 1915     90     86     86     89     86     85     87     85     89     86     86     89
 1916 -0.338 -0.264 -0.439 -0.375 -0.418 -0.495 -0.385 -0.297 -0.322 -0.374 -0.514 -0.821 -0.420
 1916     88     83     87     83     86     82     84     87     86     86     85     83
 1917 -0.689 -0.716 -0.784 -0.546 -0.644 -0.479 -0.245 -0.333 -0.298 -0.536 -0.459 -0.787 -0.543
 1917     86     80     86     86     83     83     80     78     83     86     82     77
 1918 -0.518 -0.672 -0.579 -0.623 -0.525 -0.387 -0.370 -0.430 -0.258 -0.119 -0.190 -0.424 -0.425
 1918     84     80     83     80     79     80     80     81     78     78     74     77
 1919 -0.251 -0.242 -0.392 -0.211 -0.308 -0.358 -0.300 -0.238 -0.286 -0.259 -0.558 -0.503 -0.326
 1919     77     79     77     77     82     85     81     81     80     81     83     84
 1920 -0.259 -0.546 -0.172 -0.337 -0.256 -0.238 -0.300 -0.227 -0.196 -0.218 -0.346 -0.488 -0.299
 1920     85     87     85     81     86     81     85     88     86     87     83     88
 1921 -0.218 -0.295 -0.343 -0.291 -0.302 -0.154 -0.155 -0.321 -0.207 -0.134 -0.196 -0.271 -0.241
 1921     89     88     87     87     88     88     87     90     89     89     88     90
 1922 -0.419 -0.409 -0.344 -0.291 -0.470 -0.293 -0.259 -0.356 -0.324 -0.345 -0.255 -0.305 -0.339
 1922     91     92     90     91     90     92     90     92     92     91     91     91
 1923 -0.404 -0.494 -0.456 -0.410 -0.404 -0.253 -0.420 -0.324 -0.341 -0.176 -0.034 -0.100 -0.318
 1923     92     90     92     90     92     91     91     91     92     91     91     90
 1924 -0.327 -0.315 -0.176 -0.342 -0.218 -0.276 -0.294 -0.317 -0.331 -0.366 -0.291 -0.492 -0.312
 1924     91     92     91     90     92     90     92     90     89     88     92     90
 1925 -0.492 -0.485 -0.374 -0.307 -0.306 -0.334 -0.331 -0.168 -0.259 -0.289 -0.059  0.014 -0.282
 1925     91     92     91     90     90     90     92     91     89     89     90     91
 1926  0.083 -0.035  0.024 -0.158 -0.270 -0.183 -0.208 -0.100 -0.118 -0.070 -0.116 -0.322 -0.123
 1926     92     91     92     89     91     91     91     89     91     91     91     92
 1927 -0.311 -0.212 -0.419 -0.315 -0.230 -0.248 -0.205 -0.213 -0.120 -0.030 -0.127 -0.324 -0.229
 1927     89     92     93     92     92     92     91     91     92     91     92     91
 1928 -0.017 -0.125 -0.320 -0.235 -0.301 -0.327 -0.188 -0.179 -0.207 -0.184 -0.172 -0.227 -0.207
 1928     91     91     90     92     92     91     92     91     90     90     89     90
 1929 -0.436 -0.604 -0.487 -0.437 -0.435 -0.409 -0.440 -0.266 -0.277 -0.221 -0.140 -0.560 -0.393
 1929     91     90     90     91     91     91     90     89     90     90     91     91
 1930 -0.363 -0.356 -0.247 -0.231 -0.251 -0.204 -0.188 -0.098 -0.092 -0.091  0.064 -0.065 -0.177
 1930     90     90     89     91     92     91     88     89     89     91     89     89
 1931 -0.137 -0.259 -0.109 -0.171 -0.193 -0.025 -0.008 -0.027 -0.052 -0.027 -0.136 -0.097 -0.103
 1931     92     92     90     91     91     91     88     89     91     88     91     92
 1932  0.080 -0.178 -0.195 -0.061 -0.160 -0.255 -0.130 -0.190 -0.001 -0.094 -0.295 -0.267 -0.145
 1932     91     92     91     93     93     91     91     90     91     92     92     94
 1933 -0.311 -0.351 -0.385 -0.285 -0.277 -0.324 -0.290 -0.154 -0.327 -0.246 -0.405 -0.514 -0.322
 1933     94     95     94     91     90     88     90     91     89     92     93     94
 1934 -0.323 -0.145 -0.431 -0.372 -0.140 -0.092 -0.178 -0.114 -0.135 -0.082  0.032 -0.111 -0.174
 1934     95     94     92     92     91     87     90     89     89     89     92     91
 1935 -0.348  0.050 -0.214 -0.323 -0.314 -0.209 -0.141 -0.149 -0.191 -0.055 -0.322 -0.257 -0.206
 1935     91     92     94     90     90     90     89     91     91     92     91     94
 1936 -0.398 -0.343 -0.329 -0.188 -0.172 -0.149 -0.070 -0.073 -0.109 -0.041 -0.054 -0.106 -0.170
 1936     96     95     96     92     92     93     90     91     93     92     93     94
 1937 -0.127  0.066 -0.262 -0.121 -0.091 -0.008  0.020  0.037  0.145  0.128  0.062 -0.078 -0.019
 1937     94     94     95     92     91     91     92     91     90     91     92     93
 1938  0.046 -0.010 -0.015  0.040 -0.096 -0.094 -0.046 -0.003  0.020  0.163  0.055 -0.206 -0.012
 1938     95     96     95     90     91     90     92     92     90     89     92     94
 1939 -0.122 -0.118 -0.289 -0.106 -0.030  0.015 -0.038 -0.041 -0.017 -0.099  0.021  0.334 -0.041
 1939     95     96     95     92     92     90     89     88     83     78     85     88
 1940 -0.053  0.086 -0.036  0.149  0.050  0.045  0.148  0.100  0.131  0.096 -0.005  0.199  0.076
 1940     87     88     85     78     87     84     84     86     83     85     84     83
 1941 -0.040  0.118 -0.117  0.036  0.061  0.060  0.161  0.040 -0.145  0.214 -0.007  0.075  0.038
 1941     83     83     86     82     80     85     86     87     85     85     87     79
 1942  0.258  0.017 -0.042 -0.015  0.124  0.030 -0.060 -0.057 -0.013 -0.087 -0.058 -0.080  0.001
 1942     83     86     88     84     83     84     82     83     82     81     85     84
 1943 -0.183 -0.031 -0.168  0.023  0.036 -0.075  0.018  0.032 -0.013  0.228  0.104  0.106  0.006
 1943     83     84     85     80     81     81     81     81     83     80     79     81
 1944  0.318  0.119  0.120  0.042  0.120  0.107  0.149  0.207  0.168  0.208  0.088  0.083  0.144
 1944     81     82     82     82     79     81     78     78     79     79     79     78
 1945  0.095  0.048  0.039  0.210 -0.062 -0.037  0.000  0.236  0.103  0.094 -0.011 -0.200  0.043
 1945     82     81     80     79     76     77     75     77     73     74     74     78
 1946  0.046 -0.116 -0.122 -0.001 -0.083 -0.270 -0.109 -0.154 -0.098 -0.068 -0.108 -0.343 -0.119
 1946     76     85     83     85     86     84     86     88     84     85     86     91
 1947 -0.151 -0.141 -0.076 -0.055 -0.071 -0.093 -0.065 -0.113 -0.160  0.034  0.029 -0.233 -0.091
 1947     92     96     90     88     87     85     88     88     84     84     88     90
 1948 -0.019 -0.239 -0.283 -0.115  0.058 -0.008 -0.130 -0.048 -0.134 -0.057 -0.173 -0.349 -0.125
 1948     92     93     89     87     87     85     86     88     86     86     85     89
 1949 -0.019 -0.242 -0.110 -0.147 -0.111 -0.233 -0.180 -0.078 -0.123 -0.090 -0.181 -0.212 -0.144
 1949     92     93     95     91     89     90     88     89     89     89     90     93
 1950 -0.300 -0.370 -0.216 -0.244 -0.137 -0.105 -0.107 -0.153 -0.245 -0.201 -0.381 -0.261 -0.227
 1950     95     93     96     89     90     87     90     91     90     88     92     96
 1951 -0.360 -0.509 -0.262 -0.108  0.032  0.060  0.039  0.121  0.132  0.124 -0.072  0.069 -0.061
 1951     93     96     95     90     87     89     89     88     92     90     91     93
 1952  0.094  0.068 -0.164  0.046  0.022  0.023  0.090  0.097  0.096 -0.017 -0.132 -0.040  0.015
 1952     96     97     97     91     88     89     89     88     89     89     90     93
 1953 -0.009  0.095  0.018  0.225  0.149  0.140  0.043  0.087  0.086  0.083 -0.006  0.019  0.078
 1953     93     95     95     88     89     86     88     87     89     89     90     93
 1954 -0.243 -0.089 -0.183 -0.115 -0.171 -0.130 -0.196 -0.102 -0.113 -0.012  0.116 -0.164 -0.117
 1954     93     94     96     91     90     89     88     92     89     90     92     96
 1955  0.106 -0.193 -0.396 -0.229 -0.239 -0.178 -0.208 -0.088 -0.143 -0.113 -0.321 -0.364 -0.197
 1955     94     96     95     90     88     88     88     89     91     91     93     95
 1956 -0.240 -0.282 -0.356 -0.306 -0.336 -0.227 -0.211 -0.290 -0.273 -0.263 -0.215 -0.158 -0.263
 1956     98     98     99     92     93     92     92     90     93     96     96     98
 1957 -0.222 -0.159 -0.198 -0.042  0.032  0.065 -0.063  0.073  0.041 -0.001 -0.004  0.052 -0.035
 1957     98     99     99     95     94     93     94     94     94     98     97    100
 1958  0.255  0.093  0.005 -0.070  0.016 -0.153 -0.020 -0.083 -0.115 -0.019 -0.039 -0.082 -0.018
 1958    100     99     99     97     96     95     93     95     94     95     98     98
 1959  0.014 -0.005  0.017  0.026 -0.039 -0.002 -0.044 -0.041 -0.141 -0.071 -0.186 -0.103 -0.048
 1959     99     99    100     94     93     92     93     95     95     97     96     99
 1960 -0.115  0.023 -0.447 -0.262 -0.179 -0.126 -0.114 -0.006  0.003 -0.031 -0.215  0.084 -0.115
 1960     98    100    100     97     95     93     94     95     95     95     98     99
 1961 -0.052  0.091 -0.062  0.061  0.068  0.088 -0.040 -0.017 -0.030 -0.064 -0.031 -0.252 -0.020
 1961     99    100    100     96     94     94     94     96     95     98     99     99
 1962 -0.057  0.012  0.019 -0.026 -0.182 -0.056 -0.109 -0.110 -0.075 -0.038 -0.021 -0.126 -0.064
 1962    100    100    100     96     93     93     93     94     96     95     98     99
 1963 -0.122  0.040 -0.341 -0.179 -0.147 -0.067  0.060  0.146  0.122  0.064  0.045 -0.063 -0.037
 1963    100    100     99     97     95     94     92     94     96     97     97    100
 1964 -0.195 -0.223 -0.383 -0.442 -0.374 -0.167 -0.201 -0.301 -0.405 -0.311 -0.299 -0.372 -0.306
 1964    100     99     98     98     95     95     95     96     98     98     99    100
 1965 -0.162 -0.263 -0.260 -0.299 -0.192 -0.208 -0.267 -0.162 -0.245 -0.106 -0.144 -0.146 -0.204
 1965     99     99    100     99     96     96     95     96     97     98     99    100
 1966 -0.283 -0.168 -0.171 -0.170 -0.218 -0.105  0.003 -0.102 -0.087 -0.238 -0.108 -0.141 -0.149
 1966    100    100    100     97     97     95     94     95     96     98     99    100
 1967 -0.220 -0.328 -0.094 -0.132  0.057 -0.108 -0.068 -0.099 -0.125 -0.020 -0.120 -0.154 -0.118
 1967     99    100     99     98     97     96     95     96     95     96     99    100
 1968 -0.325 -0.268 -0.004 -0.180 -0.226 -0.152 -0.195 -0.130 -0.226  0.008 -0.135 -0.191 -0.169
 1968    100     99    100     99     97     97     96     96     96     97     99    100
 1969 -0.162 -0.197 -0.133  0.049  0.065  0.006 -0.109 -0.073 -0.013  0.001  0.023  0.167 -0.031
 1969    100     99     98     99     98     96     98     97     98     98     99    100
 1970  0.014  0.064 -0.088 -0.079 -0.141 -0.137 -0.112 -0.199 -0.031 -0.060 -0.058 -0.193 -0.085
 1970    100    100    100     99     97     96     96     96     96     98     99    100
 1971 -0.144 -0.273 -0.337 -0.233 -0.198 -0.255 -0.185 -0.181 -0.126 -0.156 -0.153 -0.231 -0.206
 1971     99    100     99     99     96     97     97     96     97     99     99    100
 1972 -0.379 -0.278 -0.143 -0.128 -0.082 -0.032 -0.093  0.061 -0.052 -0.057 -0.052  0.109 -0.094
 1972    100    100    100     99     97     96     96     97     98     99     99    100
 1973  0.101  0.159  0.115  0.199  0.108  0.106  0.016 -0.028 -0.035  0.011 -0.025 -0.128  0.050
 1973    100    100    100     99     97     98     98     98     96     98     99    100
 1974 -0.282 -0.447 -0.237 -0.202 -0.127 -0.115 -0.136  0.023 -0.093 -0.115 -0.126 -0.214 -0.173
 1974    100    100    100     98     97     97     96     96     96     98     98    100
 1975 -0.097 -0.021 -0.011 -0.052  0.053 -0.061 -0.105 -0.232 -0.140 -0.154 -0.264 -0.247 -0.111
 1975     99    100     99     99     98     96     95     97     98     96     98    100
 1976 -0.170 -0.232 -0.337 -0.186 -0.359 -0.240 -0.173 -0.242 -0.151 -0.332 -0.139 -0.029 -0.216
 1976    100    100     98     97     97     96     95     96     96     97     97     98
 1977  0.153  0.104  0.075  0.134  0.228  0.208  0.143  0.130 -0.002 -0.016  0.121 -0.040  0.103
 1977    100    100     99     98     97     97     96     98     97     97     98     98
 1978  0.037  0.074  0.059  0.053  0.012 -0.055  0.016 -0.217  0.042 -0.060  0.092  0.010  0.005
 1978    100     99    100     99     97     97     96     97     96     97     99    100
 1979  0.052 -0.180  0.067  0.077 -0.022  0.050  0.018  0.115  0.173  0.147  0.208  0.386  0.091
 1979    100    100    100    100    100     99     99     99     99     99     99    100
 1980  0.253  0.361  0.217  0.234  0.246  0.132  0.206  0.164  0.124  0.097  0.206  0.114  0.196
 1980    100    100    100    100     99    100     99     99     98     99     99    100
 1981  0.444  0.337  0.331  0.199  0.148  0.245  0.264  0.312  0.137  0.055  0.166  0.363  0.250
 1981    100    100    100     99     99     99     97     99     98     99    100    100
 1982 -0.024  0.068 -0.137  0.020  0.091 -0.001  0.076 -0.046  0.017  0.041  0.029  0.277  0.034
 1982    100    100    100     99     98     97     98     97     98     99    100    100
 1983  0.358  0.336  0.248  0.175  0.222  0.167  0.115  0.284  0.326  0.113  0.245  0.096  0.224
 1983    100    100    100    100     99     98     98     98     99     99     99    100
 1984  0.158  0.020  0.144  0.010  0.214 -0.039  0.025  0.089  0.127  0.041 -0.058 -0.156  0.048
 1984    100    100    100    100     99     98     99     99     99     99    100    100
 1985  0.116 -0.104  0.043  0.003  0.068  0.121 -0.023  0.143  0.118  0.039  0.018  0.055  0.050
 1985    100    100    100    100    100     99     99     99     99     99    100    100
 1986  0.117  0.309  0.138  0.135  0.131  0.040  0.043  0.088  0.024  0.051  0.040  0.032  0.096
 1986    100    100    100    100    100     99     99     99     99    100    100    100
 1987  0.220  0.316  0.104  0.189  0.169  0.266  0.348  0.211  0.266  0.270  0.186  0.372  0.243
 1987    100    100    100    100    100     99     99     99     99    100    100    100
 1988  0.459  0.333  0.385  0.328  0.319  0.330  0.256  0.258  0.258  0.255  0.029  0.176  0.282
 1988    100    100    100    100     99     99     99     99     99     99     99    100
 1989 -0.026  0.237  0.185  0.150  0.038  0.094  0.264  0.252  0.298  0.260  0.115  0.284  0.179
 1989    100    100    100    100     99     99     99     99     99     99     99     99
 1990  0.283  0.279  0.635  0.494  0.406  0.315  0.380  0.281  0.220  0.386  0.359  0.289  0.361
 1990    100    100    100    100    100     99     99     99     99     99     99     99
 1991  0.303  0.407  0.247  0.436  0.314  0.433  0.467  0.362  0.353  0.251  0.254  0.238  0.339
 1991    100    100    100    100    100    100     99     99     99    100    100    100
 1992  0.363  0.348  0.309  0.162  0.168  0.156  0.005  0.038 -0.090 -0.023 -0.037  0.099  0.125
 1992    100    100    100    100     99     99     99     98     99     99     99    100
 1993  0.261  0.283  0.236  0.195  0.195  0.164  0.159  0.084  0.046  0.151  0.066  0.148  0.166
 1993    100    100    100     99     98     99     99     99     98     99     99    100
 1994  0.200  0.014  0.235  0.256  0.208  0.314  0.182  0.173  0.272  0.347  0.353  0.247  0.234
 1994    100    100    100     99     99     99     98     98     99     99    100    100
 1995  0.414  0.640  0.356  0.427  0.265  0.378  0.442  0.392  0.280  0.379  0.375  0.174  0.377
 1995    100    100    100     99     99     99     99     99     99     99    100    100
 1996  0.216  0.462  0.288  0.252  0.237  0.217  0.325  0.351  0.205  0.128  0.316  0.323  0.277
 1996    100    100    100    100     99     99     99     99     99     99     99     99
 1997  0.249  0.304  0.397  0.378  0.317  0.492  0.346  0.406  0.467  0.572  0.616  0.524  0.422
 1997    100    100    100    100    100     99     99     99     99    100    100    100
 1998  0.563  0.797  0.589  0.651  0.639  0.668  0.659  0.645  0.435  0.411  0.382  0.488  0.577
 1998    100    100    100     99     99     99     99     99     99     99     99    100
 1999  0.387  0.604  0.264  0.269  0.248  0.325  0.310  0.303  0.276  0.307  0.287  0.314  0.324
 1999    100    100    100    100    100     99     99     99     99     99     99     99
 2000  0.181  0.499  0.445  0.538  0.306  0.350  0.326  0.375  0.311  0.195  0.245  0.202  0.331
 2000    100    100    100     99     99     99     99     99     99     99     99    100
 2001  0.364  0.392  0.520  0.453  0.489  0.446  0.509  0.507  0.493  0.464  0.692  0.542  0.489
 2001    100    100    100     99     99     99     99     99     99     99     99     99
 2002  0.647  0.643  0.799  0.568  0.503  0.449  0.569  0.498  0.502  0.500  0.494  0.347  0.543
 2002    100    100    100    100     99     99     99     99     99     99     99    100
 2003  0.654  0.486  0.484  0.473  0.522  0.425  0.484  0.612  0.575  0.657  0.499  0.660  0.544
 2003    100    100    100    100    100     99     99     99     99     99    100    100
 2004  0.509  0.635  0.528  0.523  0.351  0.311  0.237  0.458  0.467  0.523  0.651  0.415  0.467
 2004    100    100    100    100     99     99     99     99     99     99     99    100
 2005  0.650  0.534  0.646  0.632  0.553  0.569  0.555  0.581  0.634  0.684  0.643  0.601  0.607
 2005    100    100    100    100    100     99     99     99     99     99     99    100
 2006  0.500  0.646  0.544  0.486  0.472  0.572  0.476  0.633  0.550  0.614  0.661  0.717  0.573
 2006    100    100    100    100    100     99     99     99     99     99    100    100
 2007  0.893  0.640  0.592  0.726  0.580  0.501  0.563  0.584  0.508  0.559  0.536  0.419  0.592
 2007    100    100    100    100    100    100     99     99     99     99    100    100
 2008  0.210  0.269  0.614  0.448  0.432  0.384  0.534  0.453  0.548  0.591  0.632  0.472  0.466
 2008    100    100    100    100    100     99     99     99     99     99    100    100
 2009  0.590  0.471  0.447  0.528  0.550  0.623  0.681  0.622  0.682  0.620  0.706  0.640  0.597
 2009    100    100    100    100    100     99     99     99     99     99    100    100
 2010  0.711  0.790  0.860  0.834  0.715  0.645  0.617  0.615  0.564  0.642  0.735  0.437  0.680
 2010    100    100    100    100    100     99     99     99     99     99    100    100
 2011  0.457  0.429  0.556  0.602  0.443  0.548  0.645  0.651  0.538  0.576  0.511  0.495  0.538
 2011    100    100    100    100    100     99     99     99     99    100    100    100
 2012  0.370  0.465  0.421  0.610  0.659  0.629  0.568  0.645  0.648  0.732  0.721  0.464  0.578
 2012    100    100    100    100    100     99     99     99     99     99    100    100
 2013  0.608  0.527  0.583  0.575  0.557  0.659  0.589  0.635  0.722  0.650  0.770  0.608  0.624
 2013    100    100    100    100     99     99     99     99     99     99    100    100
 2014  0.670  0.491  0.695  0.736  0.737  0.617  0.581  0.734  0.757  0.742  0.630  0.685  0.673
 2014    100    100    100    100    100     99     99     99     99     99    100    100
 2015  0.740  0.782  0.795  0.701  0.731  0.760  0.715  0.799  0.826  1.015  0.996  1.042  0.825
 2015    100    100    100    100    100     99     99     99     99     99    100    100
 2016  1.088  1.224  1.182  1.030  0.880  0.777  0.778  0.949  0.846  0.819  0.844  0.779  0.933
 2016    100    100    100    100    100     99     99     99     99     99    100    100
 2017  0.952  1.067  1.065  0.846  0.780  0.658  0.805  0.811  0.729  0.809  0.806  0.815  0.845
 2017    100    100    100    100    100    100     99     99     99     99    100    100
 2018  0.711  0.796  0.790  0.822  0.713  0.738  0.733  0.735  0.676  0.869  0.745  0.824  0.763
 2018    100    100    100    100    100    100     99     99     99     99    100    100
 2019  0.800  0.844  1.076  0.939  0.778  0.809  0.857  0.858  0.803  0.956  0.937  1.037  0.891
 2019    100    100    100    100     99    100     99     99     99     99    100    100
 2020  1.069  1.113  1.094  1.063  0.908  0.825  0.816  0.801  0.867  0.811  1.013  0.693  0.923
 2020    100    100    100    100    100     99     99     99     99     99    100    100
 2021  0.701  0.565  0.726  0.760  0.706  0.713  0.792  0.799  0.867  0.907  0.854  0.751  0.762
 2021    100    100    100    100    100     99     99     99     99     99    100    100
