 1850 -0.901 -0.151 -0.503 -0.673 -0.607 -0.193 -0.062  0.016 -0.318 -0.752 -0.564 -0.521 -0.436
 1850     61     57     58     63     67     66     69     71     79     71     69     66
 1851 -0.045 -0.502 -1.007 -0.689 -0.112  0.052 -0.054 -0.006  0.088  0.058 -0.210 -0.206 -0.219
 1851     64     61     66     67     68     63     70     70     64     65     65     60
 1852 -0.353 -0.483 -0.676 -0.719 -0.029 -0.021 -0.012 -0.056 -0.020 -0.070 -0.578  0.188 -0.236
 1852     61     64     70     74     70     75     73     67     72     73     67     64
 1853 -0.048 -0.420 -0.505 -0.456 -0.163  0.024  0.067  0.097 -0.195 -0.382 -0.602 -0.362 -0.245
 1853     67     68     69     60     73     71     71     73     69     76     68     69
 1854 -0.458 -0.422 -0.085 -0.311 -0.194 -0.350  0.067  0.051 -0.123  0.167 -0.282 -0.159 -0.175
 1854     68     68     68     76     69     69     70     69     68     68     67     63
 1855  0.003 -0.371 -0.354  0.066 -0.237 -0.176 -0.214 -0.148 -0.326 -0.121 -0.449 -0.621 -0.246
 1855     70     71     64     71     72     70     74     68     69     63     62     58
 1856  0.026 -0.381 -0.508 -0.244 -0.224 -0.090 -0.273 -0.274 -0.369 -0.488 -0.691 -0.487 -0.334
 1856     66     71     68     71     74     72     70     74     72     68     71     70
 1857 -0.673 -0.418 -0.464 -0.738 -0.733 -0.199 -0.254 -0.216 -0.338 -0.501 -0.760 -0.124 -0.451
 1857     70     71     72     62     70     67     67     66     74     71     67     57
 1858 -0.123 -0.602 -0.566 -0.300 -0.388 -0.287 -0.240 -0.335 -0.376 -0.176 -0.426 -0.483 -0.359
 1858     56     64     58     68     63     68     74     77     70     70     70     72
 1859 -0.338 -0.320 -0.264 -0.083 -0.014 -0.129 -0.268 -0.143 -0.387 -0.278 -0.251 -0.498 -0.248
 1859     69     64     66     66     73     68     72     63     67     64     62     61
 1860 -0.577 -0.640 -1.268 -0.331 -0.279 -0.104 -0.099 -0.023 -0.014 -0.272 -0.822 -1.080 -0.459
 1860     57     61     54     65     58     63     63     62     53     52     49     53
 1861 -1.383 -0.662 -0.394 -0.548 -0.517 -0.103  0.052  0.112 -0.248 -0.414 -0.443 -0.319 -0.406
 1861     52     51     47     48     47     43     47     52     51     53     44     43
 1862 -1.113 -1.005 -0.837 -0.798 -0.553 -0.414 -0.340 -0.299 -0.340 -0.517 -0.924 -1.281 -0.702
 1862     47     51     47     51     50     54     51     52     53     49     40     44
 1863  0.189 -0.263 -0.335 -0.316 -0.192 -0.289 -0.252 -0.181 -0.217 -0.649 -0.456 -0.655 -0.301
 1863     46     46     50     52     51     50     45     49     44     43     42     41
 1864 -0.962 -0.586 -0.507 -0.558 -0.325  0.185 -0.127  0.024 -0.377 -0.694 -0.705 -0.908 -0.462
 1864     44     45     49     49     47     53     49     46     47     47     53     46
 1865 -0.012 -0.760 -1.052 -0.736 -0.260 -0.064 -0.168 -0.202 -0.024 -0.219 -0.259 -0.655 -0.368
 1865     47     44     44     49     48     47     46     50     46     41     42     41
 1866 -0.101 -0.533 -0.868 -0.533 -0.752 -0.035  0.083 -0.182 -0.362 -0.593 -0.275 -0.333 -0.374
 1866     45     51     48     47     46     47     48     48     48     50     45     43
 1867 -0.501 -0.319 -1.072 -0.596 -0.854 -0.356 -0.145 -0.171 -0.128 -0.132 -0.164 -0.422 -0.405
 1867     45     46     48     49     47     48     49     47     46     45     42     43
 1868 -0.806 -1.003 -0.514 -0.285 -0.234 -0.068  0.323 -0.122 -0.401 -0.238 -0.661 -0.295 -0.359
 1868     39     42     46     51     47     49     49     50     51     49     49     47
 1869 -0.333  0.377 -0.806 -0.520 -0.178 -0.189 -0.164  0.053 -0.039 -0.221 -0.290 -0.674 -0.249
 1869     48     54     54     52     56     60     56     57     63     59     60     57
 1870 -0.225 -0.607 -0.553 -0.391 -0.089 -0.053  0.078 -0.176 -0.084 -0.400 -0.203 -1.044 -0.312
 1870     60     62     63     62     59     62     63     55     56     48     61     53
 1871 -0.843 -1.115 -0.235 -0.154 -0.449 -0.240 -0.028 -0.121 -0.329 -0.240 -0.871 -0.666 -0.441
 1871     51     55     56     60     55     61     57     59     59     58     51     54
 1872 -0.826 -0.860 -0.594 -0.433 -0.035 -0.191 -0.043  0.208 -0.024 -0.185 -0.551 -0.751 -0.357
 1872     59     62     59     60     58     63     60     58     66     65     64     65
 1873 -0.481 -0.394 -0.566 -0.687 -0.455 -0.294 -0.115 -0.170 -0.417 -0.313 -0.484 -0.132 -0.376
 1873     62     57     65     63     71     72     63     73     63     65     63     66
 1874 -0.100 -0.412 -0.832 -0.385 -0.075 -0.306 -0.181 -0.161  0.007 -0.373 -0.420 -0.287 -0.294
 1874     56     63     65     63     55     58     67     68     67     70     69     65
 1875 -0.912 -0.779 -0.735 -0.535 -0.362 -0.118 -0.061 -0.241 -0.313 -0.219 -0.831 -0.701 -0.484
 1875     67     66     76     76     75     78     75     78     67     71     68     71
 1876 -0.624 -0.384 -0.415 -0.457 -0.716 -0.149 -0.023 -0.200 -0.249 -0.276 -0.722 -1.004 -0.435
 1876     66     67     65     69     70     78     72     72     70     67     71     69
 1877 -0.517 -0.371 -0.178 -0.466 -0.312  0.024  0.090  0.377  0.165  0.045  0.081 -0.155 -0.101
 1877     70     67     73     70     67     70     72     69     74     72     69     72
 1878 -0.330  0.281  0.573  0.251 -0.090  0.380  0.093  0.115  0.194 -0.166 -0.094 -0.353  0.071
 1878     76     75     70     78     70     73     75     84     78     76     76     75
 1879 -0.209 -0.267 -0.257 -0.447 -0.318 -0.315 -0.220 -0.311 -0.242 -0.021 -0.590 -0.839 -0.336
 1879     67     73     76     78     79     82     77     79     75     69     71     71
 1880 -0.477 -0.640 -0.359 -0.465 -0.303 -0.302 -0.307 -0.180 -0.325 -0.420 -0.345 -0.484 -0.384
 1880     69     75     69     66     70     77     80     81     77     79     78     79
 1881 -0.234 -0.320 -0.379 -0.042 -0.148 -0.378 -0.187 -0.077 -0.280 -0.340 -0.608 -0.415 -0.284
 1881     76     79     79     83     80     81     78     85     90     87     83     80
 1882  0.099 -0.164 -0.241 -0.431 -0.414 -0.447 -0.417 -0.241 -0.195 -0.573 -0.574 -0.879 -0.373
 1882     83     82     83     84     84     81     87     86     82     85     83     81
 1883 -0.769 -0.802 -0.398 -0.431 -0.378 -0.242 -0.227 -0.273 -0.299 -0.330 -0.620 -0.356 -0.427
 1883     83     80     84     82     84     82     86     86     91     91     86     87
 1884 -0.535 -0.468 -0.833 -0.741 -0.650 -0.563 -0.599 -0.593 -0.684 -0.556 -0.844 -0.548 -0.634
 1884     82     82     80     85     92     90     89     90     90     89     89     86
 1885 -0.946 -0.680 -0.455 -0.701 -0.607 -0.627 -0.368 -0.274 -0.360 -0.355 -0.581 -0.163 -0.510
 1885     86     87     90     91     89     88     86     90     91     91     92     92
 1886 -0.580 -0.672 -0.665 -0.389 -0.340 -0.468 -0.150 -0.389 -0.386 -0.402 -0.617 -0.289 -0.445
 1886     91     92     93     92     92     95     94     92     94     93     89     90
 1887 -1.021 -0.770 -0.427 -0.484 -0.439 -0.443 -0.334 -0.507 -0.292 -0.413 -0.382 -0.421 -0.494
 1887     91     91     92     92     88     91     91     88     90     89     92     87
 1888 -0.670 -0.754 -0.698 -0.299 -0.376 -0.177 -0.198 -0.233 -0.285 -0.105 -0.293 -0.381 -0.372
 1888     85     87     92     91     88     92     88     88     84     84     83     79
 1889 -0.512  0.032 -0.171 -0.021 -0.159 -0.088 -0.194 -0.214 -0.237 -0.363 -0.737 -0.461 -0.260
 1889     80     77     84     89     85     82     80     88     85     79     78     85
 1890 -0.678 -0.529 -0.731 -0.484 -0.525 -0.464 -0.435 -0.422 -0.441 -0.300 -0.811 -0.466 -0.524
 1890     87     78     80     81     83     82     84     86     83     84     80     76
 1891 -0.682 -0.826 -0.444 -0.546 -0.388 -0.267 -0.277 -0.204 -0.130 -0.366 -0.698 -0.116 -0.412
 1891     77     77     79     80     83     85     83     83     81     84     83     80
 1892 -0.591 -0.383 -0.785 -0.642 -0.503 -0.310 -0.531 -0.494 -0.352 -0.368 -0.940 -1.014 -0.576
 1892     82     80     87     81     81     87     79     85     87     86     84     84
 1893 -1.556 -1.231 -0.553 -0.466 -0.622 -0.287 -0.119 -0.235 -0.322 -0.248 -0.425 -0.615 -0.557
 1893     80     85     84     84     88     86     86     86     86     87     88     79
 1894 -0.849 -0.438 -0.482 -0.465 -0.366 -0.522 -0.202 -0.226 -0.301 -0.307 -0.549 -0.604 -0.443
 1894     84     82     80     84     82     88     81     83     87     84     81     78
 1895 -0.880 -0.808 -0.744 -0.352 -0.408 -0.447 -0.249 -0.402 -0.187 -0.190 -0.311 -0.364 -0.445
 1895     82     80     77     76     82     76     80     83     81     86     81     79
 1896 -0.386 -0.377 -0.839 -0.749 -0.310 -0.055 -0.111 -0.120 -0.004  0.020 -0.486 -0.102 -0.293
 1896     80     80     78     83     79     85     86     83     84     88     85     81
 1897 -0.446 -0.526 -0.688 -0.119  0.012 -0.092 -0.002 -0.072 -0.045 -0.104 -0.429 -0.508 -0.252
 1897     77     79     79     85     88     88     86     86     92     87     85     86
 1898 -0.068 -0.636 -1.114 -0.548 -0.448 -0.228 -0.209 -0.276 -0.273 -0.431 -0.533 -0.402 -0.430
 1898     86     86     89     87     91     94     91     91     91     90     84     88
 1899 -0.295 -0.723 -0.842 -0.403 -0.327 -0.506 -0.249 -0.126 -0.063 -0.041  0.150 -0.573 -0.333
 1899     93     88     88     95     96     90     91     94     96     94     90     94
 1900 -0.734 -0.349 -0.097 -0.207 -0.198 -0.102 -0.155 -0.137 -0.101  0.134 -0.293 -0.135 -0.198
 1900     86     90     85     92     93     90     92     91     91     93     91     92
 1901 -0.304 -0.184  0.005 -0.005 -0.251 -0.105 -0.135 -0.095 -0.277 -0.335 -0.368 -0.525 -0.215
 1901     93     95     93     96     92     94     94     93     97     97     95     93
 1902 -0.433 -0.130 -0.580 -0.534 -0.503 -0.471 -0.379 -0.298 -0.373 -0.438 -0.690 -0.690 -0.460
 1902     94     91     95     98     94     98     99     99     97     91     96     93
 1903 -0.369 -0.079 -0.413 -0.562 -0.516 -0.544 -0.474 -0.587 -0.534 -0.596 -0.636 -0.751 -0.505
 1903     91     95     93     93     98     94     98     97     97     97     95     97
 1904 -0.916 -0.853 -0.730 -0.660 -0.550 -0.490 -0.550 -0.424 -0.625 -0.442 -0.247 -0.453 -0.578
 1904     95     93     91     96     96     94     94     98     96     95     91     94
 1905 -0.484 -0.924 -0.608 -0.629 -0.446 -0.339 -0.259 -0.276 -0.251 -0.285 -0.069 -0.272 -0.403
 1905     91     91     95     98     96     94     98     94     93     91     94     95
 1906 -0.419 -0.611 -0.284 -0.012 -0.324 -0.058 -0.311 -0.115 -0.189 -0.148 -0.509 -0.144 -0.260
 1906     89     95     92     91     95     95     93     96     95     94     95     92
 1907 -0.672 -0.767 -0.558 -0.539 -0.735 -0.583 -0.405 -0.461 -0.368 -0.175 -0.591 -0.588 -0.537
 1907     94     95     93     97     94     97     93     93     97     92     96     97
 1908 -0.478 -0.408 -0.897 -0.569 -0.374 -0.280 -0.319 -0.404 -0.252 -0.404 -0.693 -0.657 -0.478
 1908     91     95     96     97     94     93     96     97     96     98     98     98
 1909 -0.891 -0.501 -0.753 -0.673 -0.554 -0.444 -0.409 -0.295 -0.322 -0.369 -0.189 -0.527 -0.494
 1909     97     96     95     95     95     97     99     96     99     98     96     98
 1910 -0.377 -0.461 -0.614 -0.531 -0.466 -0.556 -0.380 -0.333 -0.363 -0.348 -0.644 -0.823 -0.491
 1910     97     97     97     96     96     98     98     96     96     96     99     97
 1911 -0.724 -0.700 -0.748 -0.518 -0.508 -0.343 -0.348 -0.386 -0.318 -0.199 -0.269 -0.376 -0.453
 1911     96     95     95     95     95     95     97     96     93     95     96     95
 1912 -0.440 -0.277 -0.792 -0.335 -0.271 -0.119 -0.520 -0.661 -0.765 -0.845 -0.605 -0.734 -0.530
 1912     96     98     95     95     98     96     99     99     96     98     98     97
 1913 -0.640 -0.759 -0.701 -0.575 -0.620 -0.579 -0.545 -0.367 -0.398 -0.438 -0.305 -0.009 -0.495
 1913     97     97     98     99     99    100     99    100     99     99     97     98
 1914  0.110 -0.247 -0.536 -0.493 -0.276 -0.276 -0.307 -0.244 -0.278 -0.088 -0.339 -0.254 -0.269
 1914     98     98     98     99     99    100    100     99     98     99     98     97
 1915 -0.307 -0.242 -0.318 -0.037 -0.078 -0.094 -0.142 -0.014 -0.130 -0.347 -0.076 -0.321 -0.176
 1915     98     97     98     98     97     96     99     99     99     97     96     98
 1916 -0.312 -0.304 -0.582 -0.405 -0.389 -0.453 -0.222 -0.298 -0.398 -0.381 -0.505 -1.072 -0.443
 1916     97     97     98     96     99     97     99     98     99     97     97     97
 1917 -0.663 -0.779 -0.868 -0.556 -0.714 -0.488 -0.258 -0.268 -0.281 -0.672 -0.404 -1.062 -0.585
 1917     98     96     98     97     98     97     96     97     95     98     96     95
 1918 -0.588 -0.644 -0.550 -0.646 -0.609 -0.529 -0.356 -0.350 -0.227 -0.118 -0.363 -0.652 -0.469
 1918     97     96     98     98     98     98     97     99     99     97     95     95
 1919 -0.382 -0.413 -0.642 -0.272 -0.430 -0.409 -0.267 -0.144 -0.186 -0.129 -0.570 -0.622 -0.372
 1919     96     96     97     98     98     98     96     96     96     98     96     95
 1920 -0.194 -0.473 -0.177 -0.322 -0.255 -0.238 -0.202 -0.189 -0.282 -0.274 -0.474 -0.630 -0.309
 1920     97     96     97     98     97     98     99     99     97     98     96     98
 1921 -0.064 -0.177 -0.348 -0.139 -0.274 -0.097  0.003 -0.202 -0.147 -0.079 -0.200 -0.233 -0.163
 1921     99     98     99     98     99     99     98    100     99     98     98     98
 1922 -0.439 -0.563 -0.295 -0.248 -0.308 -0.198 -0.212 -0.336 -0.360 -0.283 -0.180 -0.209 -0.303
 1922     99     99     98     99     99    100     99    100    100     99     99     99
 1923 -0.326 -0.588 -0.555 -0.594 -0.378 -0.215 -0.283 -0.204 -0.170  0.085  0.158  0.007 -0.255
 1923     99     98     99    100    100    100    100    100    100     99     98     99
 1924 -0.364 -0.229 -0.028 -0.313 -0.124 -0.186 -0.180 -0.161 -0.174 -0.187  0.027 -0.392 -0.193
 1924     99     99     99    100    100    100    100    100    100     99     99     98
 1925 -0.397 -0.492 -0.323 -0.204 -0.251 -0.264 -0.211 -0.106  0.015 -0.085  0.094  0.201 -0.169
 1925     99     99     99    100     99    100    100    100    100     99     99     99
 1926  0.389  0.117  0.131 -0.166 -0.206 -0.135 -0.094  0.021  0.033  0.108  0.063 -0.285 -0.002
 1926     99     99    100    100    100    100    100    100    100    100     99     99
 1927 -0.313 -0.110 -0.447 -0.268 -0.087 -0.107 -0.052 -0.034  0.078  0.274  0.118 -0.334 -0.107
 1927     98     99     99    100    100    100    100    100    100    100     99     99
 1928  0.173  0.040 -0.271 -0.217 -0.154 -0.241 -0.081 -0.100 -0.074 -0.029 -0.040 -0.055 -0.087
 1928     99     99    100    100    100    100    100    100    100    100     99     99
 1929 -0.531 -0.709 -0.371 -0.336 -0.317 -0.363 -0.347 -0.085 -0.146 -0.036 -0.115 -0.684 -0.337
 1929     99     99    100    100    100    100    100    100    100    100    100    100
 1930 -0.196 -0.256 -0.062 -0.159 -0.200 -0.133  0.018  0.110  0.057  0.071  0.324  0.068 -0.030
 1930     99     99    100    100    100    100    100    100    100    100    100    100
 1931 -0.058 -0.357 -0.046 -0.123 -0.099  0.178  0.147  0.170  0.199  0.316  0.123  0.102  0.046
 1931    100    100    100    100    100    100    100    100    100    100    100    100
 1932  0.318 -0.189 -0.240  0.116 -0.078 -0.092 -0.051 -0.031  0.164  0.127 -0.298 -0.196 -0.037
 1932    100    100    100    100    100    100    100    100    100    100    100    100
 1933 -0.292 -0.341 -0.398 -0.184 -0.246 -0.332 -0.116 -0.047 -0.265 -0.166 -0.301 -0.491 -0.265
 1933    100    100    100    100    100    100    100    100    100    100    100    100
 1934 -0.249  0.254 -0.456 -0.355 -0.025 -0.049 -0.081 -0.074 -0.084  0.108  0.290  0.080 -0.053
 1934    100    100    100    100    100    100    100    100    100    100    100    100
 1935 -0.418  0.472 -0.020 -0.288 -0.266 -0.103  0.000  0.022 -0.056  0.140 -0.343 -0.178 -0.087
 1935    100    100    100    100    100    100    100    100    100    100    100    100
 1936 -0.389 -0.441 -0.256 -0.059 -0.035  0.021  0.081  0.077  0.060  0.029  0.112  0.069 -0.061
 1936    100    100    100    100    100    100    100    100    100    100    100    100
 1937 -0.004  0.235 -0.264 -0.052  0.098  0.152  0.136  0.176  0.325  0.349  0.251  0.059  0.122
 1937    100    100    100    100    100    100    100    100    100    100    100    100
 1938  0.288  0.244  0.145  0.277  0.024 -0.045  0.060  0.144  0.212  0.340  0.331 -0.105  0.159
 1938    100    100    100    100    100    100    100    100    100    100    100    100
 1939 -0.075 -0.066 -0.345 -0.074  0.006 -0.007  0.019  0.103  0.143  0.028  0.199  0.708  0.053
 1939    100    100    100    100    100    100    100    100    100    100    100     99
 1940 -0.030  0.106 -0.048  0.254  0.099  0.054  0.113  0.085  0.191  0.239  0.163  0.238  0.122
 1940    100    100     99     99    100    100    100    100     99    100    100    100
 1941  0.003  0.262 -0.107  0.008  0.080  0.095  0.161  0.097  0.021  0.335 -0.046 -0.004  0.075
 1941    100    100    100    100    100    100    100    100    100    100    100    100
 1942  0.314 -0.032 -0.115  0.022  0.121  0.079  0.002 -0.099  0.072  0.149  0.139  0.070  0.060
 1942     99    100    100    100    100    100    100    100     99    100     98     98
 1943 -0.258  0.173 -0.144  0.217  0.192 -0.110  0.033  0.135  0.110  0.404  0.295  0.302  0.112
 1943     99     97     98     97     97     99     99    100    100     99    100    100
 1944  0.575  0.302  0.206  0.091  0.222  0.094  0.105  0.159  0.266  0.400  0.164  0.056  0.220
 1944    100    100    100    100    100    100    100    100    100    100    100     98
 1945  0.155 -0.065 -0.018  0.248  0.046  0.092  0.038  0.249  0.151  0.253  0.089 -0.236  0.084
 1945    100    100     99     99     99    100     99     99     97     95     98    100
 1946  0.231  0.026 -0.053  0.190  0.004 -0.127 -0.064 -0.046 -0.045  0.031  0.097 -0.381 -0.011
 1946     96     98     98     95     97     98     97     98     96     96     96     96
 1947 -0.112  0.019  0.167  0.093 -0.056 -0.086 -0.027 -0.040  0.004  0.375  0.249 -0.054  0.044
 1947     98    100     99     97     96     97     97    100     97     96     96     95
 1948  0.270 -0.182 -0.296  0.022  0.198  0.113  0.028  0.118  0.009  0.109  0.030 -0.428 -0.001
 1948     98     96     96     94     96     96     95     96     98     99     97     97
 1949  0.168 -0.207 -0.031 -0.045 -0.039 -0.206 -0.203  0.020 -0.125  0.078 -0.046 -0.174 -0.068
 1949    100     99    100    100    100    100    100    100    100    100    100    100
 1950 -0.360 -0.371 -0.091 -0.227 -0.068 -0.109 -0.209 -0.174 -0.149 -0.106 -0.334 -0.091 -0.191
 1950    100    100    100    100    100    100    100    100    100     99    100    100
 1951 -0.355 -0.578 -0.221  0.050  0.162  0.072  0.130  0.278  0.358  0.329  0.070  0.352  0.054
 1951    100    100    100    100    100    100    100    100    100    100    100    100
 1952  0.163  0.131 -0.275  0.151  0.181  0.170  0.143  0.106  0.187  0.028 -0.193  0.046  0.070
 1952    100    100    100    100    100    100    100    100    100    100    100    100
 1953  0.173  0.288  0.163  0.460  0.265  0.198  0.188  0.177  0.150  0.223  0.068  0.126  0.207
 1953    100    100    100    100    100    100    100    100    100    100    100    100
 1954 -0.283 -0.036 -0.230 -0.017 -0.096 -0.023 -0.105  0.017  0.057  0.141  0.298 -0.096 -0.031
 1954    100    100    100    100    100    100    100    100    100    100    100    100
 1955  0.388 -0.202 -0.541 -0.205 -0.147 -0.069 -0.110  0.005 -0.063  0.078 -0.334 -0.307 -0.126
 1955    100    100    100    100    100    100    100    100    100    100    100    100
 1956 -0.087 -0.293 -0.331 -0.277 -0.361 -0.251 -0.275 -0.293 -0.367 -0.329 -0.306 -0.180 -0.279
 1956    100    100    100    100    100    100    100    100    100    100    100    100
 1957 -0.218 -0.149 -0.278 -0.108 -0.086  0.039  0.036  0.123  0.070  0.003  0.007  0.131 -0.036
 1957    100    100    100    100    100    100    100    100    100    100    100    100
 1958  0.525  0.192  0.076 -0.041  0.021  0.012 -0.008  0.102  0.005  0.036 -0.043  0.115  0.083
 1958    100    100    100    100    100    100    100    100    100    100    100    100
 1959  0.206  0.100  0.131  0.107 -0.009  0.071 -0.024  0.036  0.089 -0.057 -0.065 -0.020  0.047
 1959    100    100    100    100    100    100    100    100    100    100    100    100
 1960  0.028  0.328 -0.515 -0.234 -0.035  0.103  0.050  0.059  0.080 -0.014 -0.170  0.326  0.000
 1960    100    100    100    100    100    100    100    100    100    100    100    100
 1961  0.054  0.160 -0.023  0.077  0.001  0.092  0.006 -0.015 -0.146 -0.130  0.013 -0.170 -0.007
 1961    100    100    100    100    100    100    100    100    100    100    100    100
 1962  0.179  0.221  0.194  0.132 -0.052 -0.181  0.039 -0.021 -0.084  0.039  0.064  0.047  0.048
 1962    100    100    100    100    100    100    100    100    100    100    100    100
 1963  0.056  0.367 -0.363 -0.050 -0.123 -0.101  0.076  0.137  0.096  0.337  0.350  0.060  0.070
 1963    100    100    100    100    100    100    100    100    100    100    100    100
 1964 -0.085 -0.119 -0.510 -0.406 -0.217 -0.138 -0.179 -0.258 -0.326 -0.334 -0.287 -0.273 -0.261
 1964    100    100    100    100    100    100    100    100    100    100    100    100
 1965 -0.086 -0.433 -0.197 -0.315 -0.222 -0.267 -0.231 -0.220 -0.238 -0.020  0.018 -0.130 -0.195
 1965    100    100    100    100    100    100    100    100    100    100    100    100
 1966 -0.270 -0.093 -0.180 -0.273 -0.153 -0.012  0.028  0.121  0.058 -0.136 -0.053 -0.104 -0.089
 1966    100    100    100    100    100    100    100    100    100    100    100    100
 1967 -0.271 -0.445  0.042  0.008  0.164 -0.081 -0.023 -0.009 -0.066  0.254 -0.051  0.008 -0.039
 1967    100    100    100    100    100    100    100    100    100    100    100    100
 1968 -0.345 -0.215  0.255 -0.097 -0.104 -0.091 -0.144 -0.123 -0.092 -0.069 -0.279 -0.365 -0.139
 1968    100    100    100    100    100    100    100    100    100    100    100    100
 1969 -0.411 -0.478 -0.303 -0.081 -0.004 -0.131 -0.047 -0.040 -0.028 -0.042  0.073  0.289 -0.100
 1969    100    100    100    100    100    100    100    100    100    100    100    100
 1970 -0.043  0.126 -0.181 -0.127 -0.148 -0.093 -0.116 -0.118 -0.109 -0.240 -0.071 -0.353 -0.122
 1970    100    100    100    100    100    100    100    100    100    100    100    100
 1971 -0.197 -0.344 -0.373 -0.279 -0.223 -0.199 -0.201 -0.250 -0.182 -0.211 -0.074 -0.214 -0.229
 1971    100    100    100    100    100    100    100    100    100    100    100    100
 1972 -0.688 -0.558 -0.202 -0.191 -0.231 -0.146 -0.130 -0.100 -0.260 -0.077 -0.269 -0.147 -0.250
 1972    100    100    100    100    100    100    100    100    100    100    100    100
 1973  0.025  0.254  0.128  0.141  0.043  0.099 -0.039 -0.019 -0.122 -0.099 -0.085 -0.066  0.022
 1973    100    100    100    100    100    100    100    100    100    100    100    100
 1974 -0.395 -0.494 -0.159 -0.168 -0.243 -0.224 -0.154 -0.118 -0.157 -0.258 -0.280 -0.345 -0.250
 1974    100    100    100    100    100    100    100    100    100    100    100    100
 1975 -0.039  0.047 -0.006  0.018 -0.049 -0.085 -0.127 -0.152 -0.139 -0.221 -0.350 -0.228 -0.111
 1975    100    100    100    100    100    100    100    100    100    100    100    100
 1976 -0.033 -0.264 -0.448 -0.045 -0.309 -0.232 -0.270 -0.213 -0.094 -0.469 -0.334 -0.311 -0.252
 1976    100    100    100    100    100    100    100    100    100    100    100    100
 1977 -0.114 -0.019  0.049  0.167  0.204  0.221  0.064  0.037  0.142 -0.033  0.232 -0.004  0.079
 1977    100    100    100    100    100    100    100    100    100    100    100    100
 1978  0.120  0.077  0.091  0.038 -0.094 -0.172 -0.105 -0.171 -0.014 -0.046  0.151 -0.018 -0.012
 1978    100    100    100    100    100    100    100    100    100    100    100    100
 1979 -0.008 -0.428 -0.007 -0.196 -0.035  0.035  0.070  0.029  0.160  0.166  0.142  0.444  0.031
 1979    100    100    100    100    100    100    100    100    100    100    100    100
 1980  0.192  0.378 -0.025  0.124  0.197  0.156  0.132  0.115  0.058  0.151  0.142  0.051  0.139
 1980    100    100    100    100    100    100    100    100    100    100    100    100
 1981  0.749  0.558  0.508  0.336  0.160  0.261  0.111  0.172  0.130  0.217  0.326  0.552  0.340
 1981    100    100    100    100    100    100    100    100    100    100    100    100
 1982 -0.147  0.118 -0.118  0.069 -0.001 -0.007  0.019 -0.086  0.033 -0.006 -0.203  0.209 -0.010
 1982    100    100    100    100    100    100    100    100    100    100    100    100
 1983  0.365  0.240  0.223 -0.002 -0.011  0.102  0.198  0.261  0.258  0.094  0.455  0.123  0.192
 1983    100    100    100    100    100    100    100    100    100    100    100    100
 1984  0.197 -0.107  0.073 -0.094  0.183  0.022  0.039  0.021 -0.016  0.008 -0.194 -0.488 -0.030
 1984    100    100    100    100    100    100    100    100    100    100    100    100
 1985  0.056 -0.323 -0.150 -0.158  0.003  0.037 -0.149 -0.029  0.004 -0.027  0.017  0.094 -0.052
 1985    100    100    100    100    100    100    100    100    100    100    100    100
 1986  0.204  0.292  0.056  0.116  0.116  0.078 -0.039  0.018 -0.012  0.001 -0.057 -0.030  0.062
 1986    100    100    100    100    100    100    100    100    100    100    100    100
 1987  0.146  0.369 -0.087  0.011  0.190  0.164  0.262  0.295  0.330  0.200  0.028  0.440  0.196
 1987    100    100    100    100    100    100    100    100    100    100    100    100
 1988  0.485  0.369  0.342  0.404  0.338  0.371  0.377  0.245  0.252  0.207  0.037  0.359  0.316
 1988    100    100    100    100    100    100    100    100    100    100    100    100
 1989 -0.079  0.375  0.252  0.260  0.171  0.220  0.301  0.256  0.248  0.246  0.058  0.300  0.217
 1989    100    100    100    100    100    100    100    100    100    100    100    100
 1990  0.311  0.330  1.006  0.672  0.496  0.472  0.329  0.393  0.418  0.450  0.403  0.288  0.464
 1990    100    100    100    100    100    100    100    100    100    100    100    100
 1991  0.464  0.505  0.301  0.537  0.365  0.454  0.458  0.351  0.354  0.320  0.321  0.192  0.385
 1991    100    100    100    100    100    100    100    100    100    100    100    100
 1992  0.483  0.409  0.362  0.071  0.097  0.028 -0.046 -0.059 -0.164 -0.109 -0.091  0.181  0.097
 1992    100    100    100    100    100    100    100    100    100    100    100    100
 1993  0.336  0.497  0.264  0.223  0.250  0.255  0.182  0.061  0.019  0.174 -0.136  0.186  0.192
 1993    100    100    100    100    100    100    100    100    100    100    100    100
 1994  0.272 -0.029  0.333  0.406  0.317  0.371  0.277  0.344  0.333  0.540  0.440  0.277  0.323
 1994    100    100    100    100    100    100    100    100    100    100    100    100
 1995  0.684  1.060  0.478  0.721  0.429  0.565  0.411  0.564  0.470  0.589  0.578  0.274  0.569
 1995    100    100    100    100    100    100    100    100    100    100    100    100
 1996  0.296  0.583  0.299  0.211  0.349  0.260  0.307  0.198  0.116  0.104  0.392  0.388  0.292
 1996    100    100    100    100    100    100    100    100    100    100    100    100
 1997  0.369  0.500  0.611  0.536  0.454  0.563  0.504  0.514  0.551  0.714  0.630  0.471  0.535
 1997    100    100    100    100    100    100    100    100    100    100    100    100
 1998  0.602  0.938  0.637  0.908  0.676  0.754  0.791  0.796  0.646  0.565  0.502  0.755  0.714
 1998    100    100    100    100    100    100    100    100    100    100    100    100
 1999  0.537  0.960  0.216  0.513  0.373  0.334  0.384  0.370  0.432  0.446  0.490  0.660  0.476
 1999    100    100    100    100    100    100    100    100    100    100    100    100
 2000  0.335  0.823  0.730  0.858  0.527  0.428  0.442  0.512  0.402  0.326  0.218  0.245  0.487
 2000    100    100    100    100    100    100    100    100    100    100    100    100
 2001  0.524  0.433  0.674  0.585  0.616  0.515  0.610  0.668  0.576  0.609  0.983  0.746  0.628
 2001    100    100    100    100    100    100    100    100    100    100    100    100
 2002  0.861  0.935  0.993  0.517  0.477  0.647  0.643  0.572  0.628  0.575  0.723  0.455  0.669
 2002    100    100    100    100    100    100    100    100    100    100    100    100
 2003  0.881  0.490  0.570  0.594  0.710  0.531  0.660  0.804  0.789  0.981  0.690  0.945  0.720
 2003    100    100    100    100    100    100    100    100    100    100    100    100
 2004  0.665  0.835  0.736  0.716  0.490  0.455  0.490  0.577  0.618  0.672  0.936  0.413  0.633
 2004    100    100    100    100    100    100    100    100    100    100    100    100
 2005  0.859  0.672  0.814  0.891  0.793  0.781  0.773  0.719  0.880  0.933  1.037  0.824  0.831
 2005    100    100    100    100    100    100    100    100    100    100    100    100
 2006  0.603  0.897  0.723  0.615  0.746  0.778  0.634  0.740  0.807  0.954  0.927  1.114  0.795
 2006    100    100    100    100    100    100    100    100    100    100    100    100
 2007  1.314  0.893  0.808  1.101  0.702  0.646  0.693  0.758  0.683  0.811  0.816  0.760  0.832
 2007    100    100    100    100    100    100    100    100    100    100    100    100
 2008  0.288  0.470  0.978  0.642  0.638  0.623  0.636  0.638  0.630  0.891  0.961  0.666  0.672
 2008    100    100    100    100    100    100    100    100    100    100    100    100
 2009  0.840  0.645  0.492  0.678  0.574  0.666  0.701  0.721  0.859  0.815  0.795  0.695  0.707
 2009    100    100    100    100    100    100    100    100    100    100    100    100
 2010  0.824  0.941  1.048  1.184  0.940  0.872  0.906  0.881  0.701  0.903  1.212  0.623  0.919
 2010    100    100    100    100    100    100    100    100    100    100    100    100
 2011  0.597  0.509  0.811  0.830  0.652  0.761  0.745  0.750  0.727  0.886  0.635  0.799  0.725
 2011    100    100    100    100    100    100    100    100    100    100    100    100
 2012  0.595  0.599  0.523  0.998  0.941  0.940  0.863  0.808  0.873  0.883  0.931  0.459  0.784
 2012    100    100    100    100    100    100    100    100    100    100    100    100
 2013  0.725  0.659  0.766  0.722  0.772  0.757  0.695  0.767  0.752  0.843  1.060  0.802  0.777
 2013    100    100    100    100    100    100    100    100    100    100    100    100
 2014  0.869  0.651  1.057  1.028  0.879  0.837  0.822  0.998  0.911  0.987  0.828  1.026  0.908
 2014    100    100    100    100    100    100    100    100    100    100    100    100
 2015  1.066  1.064  1.111  0.995  1.016  1.073  0.959  1.066  1.214  1.272  1.332  1.404  1.131
 2015    100    100    100    100    100    100    100    100    100    100    100    100
 2016  1.494  1.743  1.637  1.406  1.116  1.151  1.059  1.137  1.215  1.022  1.052  1.031  1.255
 2016    100    100    100    100    100    100    100    100    100    100    100    100
 2017  1.297  1.399  1.415  1.174  0.880  0.897  0.969  1.051  0.972  0.986  1.108  1.237  1.115
 2017    100    100    100    100    100    100    100    100    100    100    100    100
 2018  0.992  1.144  1.030  0.958  0.865  0.877  0.859  0.859  0.879  1.138  0.894  1.021  0.960
 2018    100    100    100    100    100    100    100    100    100    100    100    100
 2019  0.983  0.996  1.396  1.180  0.975  1.121  1.051  1.149  1.199  1.269  1.108  1.297  1.144
 2019    100    100    100    100    100    100    100    100    100    100    100    100
 2020  1.434  1.596  1.533  1.338  1.216  1.110  1.093  1.104  1.166  1.168  1.451  1.092  1.275
 2020    100    100    100    100    100    100    100    100    100    100    100    100
