 1850 -0.449 -0.516 -0.679 -0.504 -0.409 -0.495 -0.258 -0.431 -0.452 -0.315 -0.001 -0.286 -0.400
 1850     45     37     31     32     31     33     36     40     35     38     47     49
 1851 -0.357 -0.437 -0.285 -0.395 -0.284 -0.326 -0.140 -0.197 -0.271 -0.075  0.046 -0.249 -0.247
 1851     52     49     45     42     41     44     39     48     31     36     31     37
 1852 -0.397 -0.471 -0.443 -0.452 -0.226 -0.146  0.022 -0.216  0.017 -0.275 -0.033 -0.058 -0.223
 1852     44     45     43     38     42     43     43     49     38     38     41     51
 1853 -0.417 -0.387 -0.056 -0.317 -0.373 -0.309 -0.234 -0.211 -0.305 -0.401 -0.221 -0.313 -0.295
 1853     51     50     46     50     46     48     50     55     58     61     54     59
 1854 -0.305 -0.300 -0.400 -0.356 -0.387 -0.249 -0.424 -0.530 -0.310 -0.357 -0.539 -0.742 -0.408
 1854     64     60     60     55     60     53     61     63     54     60     58     55
 1855 -0.322 -0.256 -0.334 -0.502 -0.538 -0.490 -0.452 -0.251 -0.215 -0.270 -0.330 -0.219 -0.348
 1855     52     63     58     53     61     56     63     66     59     54     62     54
 1856 -0.177 -0.293 -0.207 -0.388 -0.347 -0.338 -0.176 -0.202 -0.408 -0.388 -0.413 -0.348 -0.307
 1856     54     61     71     67     59     56     63     70     59     66     71     59
 1857 -0.317 -0.452 -0.493 -0.551 -0.585 -0.409 -0.569 -0.522 -0.422 -0.444 -0.611 -0.423 -0.483
 1857     63     66     63     70     70     67     70     61     60     70     60     60
 1858 -0.468 -0.351 -0.529 -0.556 -0.677 -0.472 -0.431 -0.220 -0.190 -0.401 -0.305 -0.426 -0.419
 1858     64     65     65     67     67     57     63     62     71     65     55     59
 1859 -0.425 -0.367 -0.364 -0.231 -0.290 -0.371 -0.357 -0.346 -0.401 -0.232 -0.324 -0.071 -0.315
 1859     61     61     67     64     60     71     60     68     60     58     57     58
 1860 -0.204 -0.296 -0.305 -0.281 -0.449 -0.318 -0.271 -0.206 -0.249 -0.420 -0.388 -0.469 -0.321
 1860     63     52     60     61     69     52     51     51     43     53     55     47
 1861 -0.454 -0.588 -0.437 -0.225 -0.805 -0.401 -0.647 -0.194 -0.293 -0.539 -0.472 -0.383 -0.453
 1861     46     52     44     35     30     36     40     37     40     39     43     48
 1862 -0.537 -0.426 -0.234 -0.246 -0.143 -0.200 -0.350 -0.614 -0.385 -0.380 -0.432 -0.509 -0.371
 1862     46     46     41     42     52     52     47     46     53     52     49     42
 1863 -0.341 -0.237 -0.375 -0.260 -0.576 -0.449 -0.373 -0.414 -0.487 -0.359 -0.425 -0.351 -0.387
 1863     47     42     40     42     48     49     41     41     38     36     36     37
 1864 -0.745 -0.601 -0.491 -0.529 -0.322 -0.410 -0.392 -0.640 -0.508 -0.512 -0.207 -0.273 -0.469
 1864     40     42     37     36     44     45     44     45     38     37     38     42
 1865 -0.340 -0.173 -0.271 -0.161 -0.496 -0.328 -0.263 -0.222 -0.318 -0.320 -0.415 -0.266 -0.298
 1865     37     40     38     37     39     40     35     43     36     36     37     39
 1866 -0.163 -0.269 -0.497 -0.375 -0.392 -0.162 -0.100 -0.317 -0.393 -0.248 -0.321 -0.467 -0.309
 1866     38     35     32     34     36     38     38     36     34     33     37     41
 1867 -0.309 -0.388 -0.291 -0.246 -0.294 -0.345 -0.361 -0.489 -0.167 -0.118 -0.228 -0.469 -0.309
 1867     31     36     44     36     36     37     42     38     40     38     43     37
 1868 -0.564 -0.384 -0.156 -0.441 -0.337 -0.527 -0.442 -0.264 -0.288 -0.221 -0.186 -0.333 -0.345
 1868     43     43     45     41     45     43     51     54     63     53     59     55
 1869 -0.338 -0.114 -0.445 -0.291 -0.441 -0.580 -0.670 -0.389 -0.304 -0.366 -0.274 -0.399 -0.384
 1869     50     49     48     48     48     43     39     49     65     64     62     58
 1870 -0.197 -0.302 -0.444 -0.275 -0.507 -0.410 -0.225 -0.341 -0.321 -0.486 -0.328 -0.289 -0.344
 1870     63     62     61     54     55     59     62     53     54     48     54     55
 1871 -0.274 -0.228 -0.109 -0.290 -0.275 -0.333 -0.137 -0.523 -0.393 -0.507 -0.174 -0.312 -0.296
 1871     58     48     56     70     59     56     53     62     57     47     63     60
 1872 -0.372 -0.380 -0.454 -0.337 -0.248 -0.368 -0.250 -0.191 -0.329 -0.222 -0.093 -0.345 -0.299
 1872     64     55     55     62     62     57     56     63     63     65     57     69
 1873 -0.043 -0.172 -0.251 -0.274 -0.247 -0.348 -0.237 -0.286 -0.393 -0.468 -0.443 -0.524 -0.307
 1873     62     59     65     58     58     59     64     69     54     67     68     63
 1874 -0.297 -0.465 -0.513 -0.490 -0.593 -0.826 -0.154 -0.431 -0.344 -0.569 -0.416 -0.337 -0.453
 1874     62     63     67     68     57     55     59     57     64     67     63     58
 1875 -0.231 -0.179 -0.394 -0.181 -0.184 -0.442 -0.303 -0.252 -0.155 -0.248 -0.188 -0.453 -0.268
 1875     56     67     60     54     58     60     72     63     63     61     62     63
 1876 -0.404 -0.291 -0.310 -0.392 -0.465 -0.555 -0.405 -0.454 -0.586 -0.324 -0.492 -0.283 -0.413
 1876     59     61     62     52     62     68     63     59     46     62     62     65
 1877 -0.305 -0.048 -0.005 -0.226 -0.511 -0.301 -0.123  0.045  0.051  0.182 -0.013  0.044 -0.101
 1877     61     58     64     57     57     60     57     68     69     56     60     66
 1878  0.190  0.178  0.149  0.126 -0.155 -0.359 -0.247 -0.209 -0.153 -0.164 -0.191 -0.292 -0.094
 1878     66     66     57     62     61     54     59     70     65     60     65     68
 1879 -0.266 -0.265 -0.260 -0.318 -0.370 -0.251 -0.308 -0.220 -0.229 -0.298 -0.204 -0.262 -0.271
 1879     66     66     73     68     70     74     72     75     70     71     71     70
 1880 -0.311 -0.260 -0.029 -0.211 -0.347 -0.459 -0.322 -0.034 -0.269 -0.361 -0.216 -0.151 -0.248
 1880     74     75     70     64     61     71     70     73     71     69     71     74
 1881 -0.195 -0.129 -0.117 -0.083 -0.096 -0.420 -0.201 -0.199 -0.322 -0.121 -0.154 -0.127 -0.180
 1881     72     72     73     71     64     65     70     71     67     71     73     77
 1882 -0.150 -0.070 -0.113 -0.198 -0.238 -0.338 -0.265 -0.249 -0.106 -0.226 -0.233 -0.431 -0.218
 1882     73     73     79     77     73     76     77     74     72     74     72     75
 1883 -0.177 -0.169 -0.135 -0.447 -0.302 -0.139 -0.210 -0.303 -0.313 -0.350 -0.172 -0.473 -0.266
 1883     78     73     75     75     75     74     78     80     80     80     80     78
 1884 -0.352 -0.197 -0.178 -0.277 -0.481 -0.464 -0.533 -0.266 -0.324 -0.371 -0.327 -0.432 -0.350
 1884     75     81     78     82     82     82     79     81     79     81     81     81
 1885 -0.366 -0.426 -0.387 -0.569 -0.606 -0.647 -0.473 -0.536 -0.354 -0.368 -0.188 -0.272 -0.433
 1885     81     82     82     82     81     78     79     80     81     82     79     83
 1886 -0.379 -0.286 -0.310 -0.335 -0.245 -0.536 -0.455 -0.526 -0.395 -0.424 -0.365 -0.501 -0.396
 1886     80     85     82     79     81     82     80     80     78     80     81     83
 1887 -0.467 -0.548 -0.464 -0.481 -0.620 -0.609 -0.444 -0.384 -0.485 -0.476 -0.489 -0.572 -0.503
 1887     84     82     79     83     78     78     81     82     81     81     82     80
 1888 -0.567 -0.420 -0.496 -0.405 -0.447 -0.466 -0.480 -0.388 -0.365 -0.228 -0.237 -0.137 -0.386
 1888     78     80     81     80     77     76     80     81     79     81     82     82
 1889 -0.081 -0.045 -0.004 -0.153 -0.157 -0.337 -0.368 -0.400 -0.446 -0.377 -0.276 -0.227 -0.239
 1889     80     79     80     78     78     72     76     73     79     78     82     80
 1890 -0.390 -0.401 -0.492 -0.505 -0.548 -0.526 -0.543 -0.512 -0.524 -0.578 -0.530 -0.333 -0.490
 1890     79     76     73     78     76     76     76     79     75     69     76     78
 1891 -0.478 -0.369 -0.281 -0.350 -0.304 -0.483 -0.522 -0.506 -0.384 -0.320 -0.370 -0.320 -0.391
 1891     79     76     75     73     79     75     72     70     72     73     79     77
 1892 -0.339 -0.196 -0.281 -0.449 -0.411 -0.563 -0.643 -0.523 -0.413 -0.500 -0.381 -0.570 -0.439
 1892     73     79     75     73     77     74     66     74     72     69     68     70
 1893 -0.534 -0.458 -0.300 -0.564 -0.522 -0.597 -0.368 -0.339 -0.408 -0.361 -0.384 -0.354 -0.433
 1893     73     73     72     74     73     64     71     77     81     73     73     73
 1894 -0.406 -0.421 -0.542 -0.609 -0.673 -0.645 -0.582 -0.481 -0.578 -0.491 -0.371 -0.499 -0.525
 1894     76     75     74     73     73     70     71     77     73     73     72     76
 1895 -0.392 -0.476 -0.492 -0.570 -0.557 -0.403 -0.421 -0.352 -0.602 -0.462 -0.332 -0.369 -0.452
 1895     75     75     72     71     73     76     74     75     77     80     77     78
 1896 -0.244 -0.296 -0.337 -0.343 -0.402 -0.405 -0.253 -0.223 -0.306 -0.256 -0.142 -0.087 -0.275
 1896     80     80     79     76     71     75     76     78     72     79     81     77
 1897 -0.154 -0.171 -0.143 -0.116 -0.241 -0.234 -0.372 -0.299 -0.327 -0.321 -0.416 -0.422 -0.268
 1897     76     75     76     80     80     76     78     76     81     77     77     76
 1898 -0.331 -0.476 -0.571 -0.778 -0.671 -0.441 -0.580 -0.503 -0.468 -0.571 -0.524 -0.577 -0.541
 1898     78     79     73     77     81     77     76     77     74     79     79     82
 1899 -0.424 -0.385 -0.336 -0.476 -0.391 -0.496 -0.482 -0.354 -0.240 -0.325 -0.264 -0.360 -0.378
 1899     76     77     76     77     82     77     76     78     81     81     81     79
 1900 -0.279 -0.057 -0.303 -0.241 -0.407 -0.332 -0.227 -0.285 -0.290 -0.264 -0.232 -0.338 -0.271
 1900     77     75     76     72     78     70     72     76     76     78     79     80
 1901 -0.257 -0.353 -0.407 -0.346 -0.248 -0.368 -0.522 -0.315 -0.434 -0.347 -0.424 -0.444 -0.372
 1901     81     81     81     81     81     80     78     81     81     77     79     78
 1902 -0.447 -0.335 -0.368 -0.327 -0.357 -0.419 -0.400 -0.552 -0.373 -0.563 -0.436 -0.442 -0.418
 1902     83     82     83     80     83     82     83     82     76     80     78     78
 1903 -0.500 -0.401 -0.384 -0.614 -0.516 -0.551 -0.536 -0.616 -0.585 -0.734 -0.623 -0.677 -0.562
 1903     79     86     86     86     84     84     82     85     82     79     86     87
 1904 -0.697 -0.686 -0.662 -0.633 -0.669 -0.638 -0.556 -0.533 -0.569 -0.664 -0.546 -0.547 -0.617
 1904     86     88     84     78     83     86     83     84     83     82     85     87
 1905 -0.442 -0.517 -0.441 -0.489 -0.422 -0.346 -0.488 -0.333 -0.440 -0.386 -0.366 -0.276 -0.412
 1905     87     83     80     78     84     80     84     84     82     83     87     84
 1906 -0.174 -0.166 -0.295 -0.196 -0.429 -0.407 -0.375 -0.427 -0.517 -0.496 -0.554 -0.498 -0.378
 1906     85     87     84     85     84     86     82     85     81     76     80     84
 1907 -0.386 -0.470 -0.318 -0.417 -0.555 -0.505 -0.446 -0.521 -0.430 -0.497 -0.522 -0.592 -0.472
 1907     87     84     84     84     86     84     86     86     85     80     86     86
 1908 -0.454 -0.420 -0.511 -0.608 -0.533 -0.545 -0.483 -0.558 -0.523 -0.746 -0.597 -0.619 -0.550
 1908     83     82     86     87     84     82     83     80     79     83     83     88
 1909 -0.635 -0.570 -0.552 -0.593 -0.630 -0.557 -0.639 -0.379 -0.510 -0.620 -0.584 -0.666 -0.578
 1909     85     80     84     83     82     81     86     84     80     85     84     87
 1910 -0.489 -0.597 -0.624 -0.539 -0.608 -0.563 -0.489 -0.444 -0.482 -0.622 -0.701 -0.690 -0.571
 1910     88     85     76     78     84     81     79     78     79     81     85     84
 1911 -0.612 -0.712 -0.780 -0.769 -0.746 -0.766 -0.637 -0.626 -0.679 -0.492 -0.429 -0.255 -0.625
 1911     88     85     87     83     84     82     83     84     69     76     81     82
 1912 -0.219 -0.353 -0.317 -0.340 -0.400 -0.451 -0.494 -0.484 -0.523 -0.513 -0.511 -0.447 -0.421
 1912     86     87     86     85     87     85     85     83     81     82     83     86
 1913 -0.487 -0.342 -0.511 -0.493 -0.462 -0.524 -0.409 -0.424 -0.436 -0.439 -0.430 -0.319 -0.440
 1913     86     89     88     80     86     83     86     86     84     85     82     87
 1914 -0.267 -0.293 -0.259 -0.324 -0.340 -0.340 -0.287 -0.245 -0.325 -0.133 -0.042 -0.219 -0.256
 1914     86     87     87     86     84     85     84     83     69     80     78     78
 1915 -0.268 -0.199 -0.070 -0.128 -0.258 -0.250 -0.196 -0.120 -0.110 -0.225 -0.269 -0.404 -0.208
 1915     82     75     74     80     74     73     75     72     80     75     75     80
 1916 -0.363 -0.224 -0.296 -0.345 -0.447 -0.537 -0.548 -0.296 -0.245 -0.368 -0.524 -0.571 -0.397
 1916     80     70     76     70     74     68     69     75     73     75     72     69
 1917 -0.715 -0.653 -0.701 -0.536 -0.574 -0.469 -0.233 -0.398 -0.314 -0.399 -0.514 -0.511 -0.502
 1917     73     65     74     75     68     69     64     60     70     73     68     60
 1918 -0.448 -0.700 -0.608 -0.601 -0.441 -0.244 -0.383 -0.509 -0.290 -0.120 -0.017 -0.197 -0.380
 1918     72     64     68     63     60     63     63     63     58     58     54     58
 1919 -0.120 -0.071 -0.142 -0.151 -0.185 -0.306 -0.333 -0.333 -0.386 -0.388 -0.545 -0.384 -0.279
 1919     58     61     57     55     66     71     66     65     63     65     71     72
 1920 -0.323 -0.619 -0.167 -0.351 -0.258 -0.239 -0.399 -0.264 -0.111 -0.162 -0.217 -0.347 -0.288
 1920     73     79     74     65     75     64     72     76     74     77     69     77
 1921 -0.371 -0.413 -0.337 -0.442 -0.329 -0.211 -0.314 -0.440 -0.267 -0.190 -0.192 -0.310 -0.318
 1921     80     78     76     75     77     77     75     79     78     79     77     81
 1922 -0.399 -0.255 -0.394 -0.334 -0.631 -0.387 -0.306 -0.376 -0.289 -0.407 -0.331 -0.402 -0.376
 1922     84     85     82     82     81     84     80     84     85     82     84     84
 1923 -0.481 -0.401 -0.356 -0.227 -0.430 -0.290 -0.556 -0.443 -0.512 -0.438 -0.225 -0.207 -0.381
 1923     85     82     84     81     84     83     82     82     84     82     84     82
 1924 -0.290 -0.401 -0.324 -0.372 -0.311 -0.365 -0.408 -0.474 -0.488 -0.544 -0.608 -0.593 -0.431
 1924     83     85     83     81     84     81     84     81     79     77     85     82
 1925 -0.586 -0.479 -0.424 -0.410 -0.360 -0.405 -0.451 -0.230 -0.533 -0.492 -0.212 -0.173 -0.396
 1925     83     85     83     81     81     81     84     82     78     80     81     83
 1926 -0.224 -0.187 -0.084 -0.150 -0.334 -0.231 -0.323 -0.221 -0.268 -0.248 -0.294 -0.359 -0.244
 1926     85     83     85     79     82     82     82     78     83     83     84     85
 1927 -0.309 -0.315 -0.391 -0.361 -0.373 -0.390 -0.357 -0.393 -0.317 -0.333 -0.371 -0.313 -0.352
 1927     80     86     87     84     84     84     83     83     84     83     86     82
 1928 -0.207 -0.289 -0.368 -0.253 -0.449 -0.413 -0.295 -0.257 -0.340 -0.339 -0.304 -0.399 -0.326
 1928     83     82     81     84     83     82     84     83     80     81     79     81
 1929 -0.342 -0.499 -0.603 -0.538 -0.552 -0.455 -0.533 -0.448 -0.408 -0.407 -0.165 -0.437 -0.449
 1929     82     80     81     81     83     82     80     78     80     81     83     82
 1930 -0.530 -0.455 -0.433 -0.303 -0.301 -0.275 -0.394 -0.305 -0.241 -0.252 -0.197 -0.198 -0.324
 1930     80     81     79     82     84     81     77     77     78     83     79     78
 1931 -0.216 -0.160 -0.172 -0.219 -0.287 -0.228 -0.163 -0.223 -0.303 -0.370 -0.394 -0.297 -0.253
 1931     84     84     80     82     81     81     76     77     82     77     82     84
 1932 -0.159 -0.167 -0.149 -0.238 -0.241 -0.419 -0.209 -0.349 -0.166 -0.315 -0.292 -0.338 -0.253
 1932     83     84     82     86     86     83     82     80     82     84     84     88
 1933 -0.330 -0.361 -0.372 -0.385 -0.308 -0.315 -0.464 -0.260 -0.388 -0.325 -0.509 -0.537 -0.380
 1933     88     90     88     82     81     76     81     82     78     83     87     88
 1934 -0.397 -0.544 -0.406 -0.389 -0.255 -0.136 -0.275 -0.155 -0.185 -0.272 -0.226 -0.302 -0.295
 1934     90     88     85     83     83     74     80     77     79     77     84     82
 1935 -0.278 -0.372 -0.409 -0.357 -0.362 -0.316 -0.282 -0.319 -0.325 -0.251 -0.300 -0.335 -0.326
 1935     82     83     89     81     79     80     78     83     81     83     83     88
 1936 -0.408 -0.245 -0.402 -0.317 -0.310 -0.319 -0.221 -0.223 -0.278 -0.111 -0.220 -0.282 -0.278
 1936     92     90     92     85     83     87     80     83     85     84     87     87
 1937 -0.250 -0.102 -0.260 -0.191 -0.280 -0.169 -0.097 -0.103 -0.035 -0.093 -0.128 -0.215 -0.160
 1937     88     88     89     84     82     82     84     83     80     81     84     85
 1938 -0.197 -0.263 -0.175 -0.197 -0.216 -0.142 -0.153 -0.150 -0.172 -0.014 -0.221 -0.306 -0.184
 1938     90     91     91     80     81     80     83     84     79     78     84     87
 1939 -0.168 -0.170 -0.233 -0.139 -0.066  0.036 -0.095 -0.185 -0.177 -0.227 -0.157 -0.041 -0.135
 1939     89     91     91     84     84     81     78     76     67     57     70     77
 1940 -0.075  0.066 -0.024  0.044  0.001  0.036  0.184  0.114  0.071 -0.048 -0.172  0.161  0.030
 1940     74     77     70     56     73     67     67     71     67     70     69     66
 1941 -0.082 -0.026 -0.127  0.064  0.043  0.024  0.160 -0.017 -0.310  0.093  0.031  0.155  0.001
 1941     65     66     72     65     61     69     73     73     69     69     74     58
 1942  0.202  0.066  0.032 -0.052  0.126 -0.018 -0.121 -0.016 -0.099 -0.323 -0.254 -0.231 -0.057
 1942     66     71     76     69     67     68     65     66     64     62     71     70
 1943 -0.108 -0.235 -0.192 -0.171 -0.121 -0.039  0.003 -0.072 -0.137  0.052 -0.087 -0.089 -0.100
 1943     67     71     73     63     66     64     63     63     67     61     58     61
 1944  0.061 -0.064  0.034 -0.007  0.018  0.120  0.192  0.255  0.069  0.017  0.013  0.110  0.068
 1944     62     64     64     64     57     62     56     56     59     59     58     57
 1945  0.035  0.161  0.096  0.171 -0.169 -0.165 -0.037  0.223  0.055 -0.064 -0.110 -0.163  0.003
 1945     63     61     60     58     53     53     51     55     48     53     50     56
 1946 -0.138 -0.258 -0.190 -0.193 -0.169 -0.413 -0.155 -0.262 -0.151 -0.167 -0.313 -0.306 -0.226
 1946     56     72     69     74     75     71     75     78     72     73     75     87
 1947 -0.189 -0.301 -0.319 -0.202 -0.085 -0.099 -0.102 -0.185 -0.325 -0.308 -0.190 -0.413 -0.227
 1947     85     93     81     80     77     73     79     77     72     71     80     85
 1948 -0.308 -0.295 -0.270 -0.251 -0.083 -0.129 -0.287 -0.213 -0.277 -0.223 -0.376 -0.270 -0.249
 1948     87     90     83     80     78     74     78     81     74     72     74     81
 1949 -0.205 -0.277 -0.188 -0.248 -0.183 -0.260 -0.157 -0.175 -0.121 -0.258 -0.316 -0.251 -0.220
 1949     85     86     91     83     78     80     76     77     78     77     81     85
 1950 -0.240 -0.369 -0.342 -0.260 -0.207 -0.101 -0.004 -0.131 -0.341 -0.297 -0.427 -0.431 -0.262
 1950     91     86     91     77     80     75     81     82     80     76     84     92
 1951 -0.366 -0.440 -0.303 -0.266 -0.097  0.048 -0.052 -0.035 -0.093 -0.081 -0.214 -0.213 -0.176
 1951     87     92     89     80     74     78     78     77     84     80     83     87
 1952  0.025  0.006 -0.053 -0.059 -0.136 -0.123  0.037  0.088  0.005 -0.061 -0.071 -0.126 -0.039
 1952     91     94     93     81     76     78     77     76     78     78     80     85
 1953 -0.191 -0.098 -0.127 -0.011  0.034  0.083 -0.101 -0.003  0.022 -0.056 -0.080 -0.088 -0.051
 1953     87     91     90     76     79     73     75     75     77     78     81     86
 1954 -0.204 -0.142 -0.137 -0.213 -0.245 -0.237 -0.287 -0.220 -0.284 -0.165 -0.065 -0.231 -0.202
 1954     87     88     92     82     79     77     76     83     79     80     84     92
 1955 -0.176 -0.183 -0.252 -0.253 -0.330 -0.288 -0.307 -0.182 -0.223 -0.305 -0.308 -0.422 -0.269
 1955     88     92     91     79     77     76     76     78     82     81     86     89
 1956 -0.393 -0.272 -0.382 -0.336 -0.311 -0.202 -0.147 -0.286 -0.180 -0.197 -0.124 -0.135 -0.247
 1956     97     97     98     85     86     83     83     80     86     91     91     96
 1957 -0.226 -0.168 -0.117  0.024  0.150  0.090 -0.161  0.023  0.013 -0.004 -0.015 -0.026 -0.035
 1957     96     98     97     90     88     87     87     87     89     96     94    100
 1958 -0.016 -0.007 -0.065 -0.098  0.012 -0.319 -0.032 -0.268 -0.234 -0.075 -0.035 -0.280 -0.118
 1958    100     98     99     95     91     90     86     90     89     91     95     96
 1959 -0.178 -0.110 -0.098 -0.054 -0.068 -0.075 -0.063 -0.119 -0.371 -0.086 -0.307 -0.186 -0.143
 1959     97     98     99     88     86     85     86     89     91     94     93     98
 1960 -0.257 -0.282 -0.379 -0.289 -0.324 -0.355 -0.278 -0.071 -0.074 -0.048 -0.260 -0.158 -0.231
 1960     97    100    100     94     90     86     89     89     91     91     95     98
 1961 -0.159  0.022 -0.100  0.045  0.135  0.083 -0.086 -0.019  0.086  0.002 -0.075 -0.333 -0.033
 1961     99    100     99     92     89     87     89     92     90     96     99     98
 1962 -0.294 -0.197 -0.156 -0.184 -0.311  0.069 -0.258 -0.199 -0.066 -0.116 -0.106 -0.298 -0.176
 1962    100     99    100     92     87     87     86     89     92     91     96     99
 1963 -0.300 -0.287 -0.319 -0.309 -0.171 -0.032  0.043  0.154  0.148 -0.209 -0.260 -0.185 -0.144
 1963    100     99     97     95     89     87     84     88     91     94     95     99
 1964 -0.304 -0.327 -0.255 -0.477 -0.532 -0.195 -0.223 -0.343 -0.483 -0.288 -0.311 -0.470 -0.351
 1964    100     99     96     97     89     90     90     91     95     96     98    100
 1965 -0.239 -0.093 -0.323 -0.282 -0.161 -0.149 -0.302 -0.104 -0.252 -0.191 -0.305 -0.163 -0.214
 1965     97     98    100     98     92     91     91     93     94     96     98    100
 1966 -0.296 -0.242 -0.162 -0.068 -0.284 -0.198 -0.022 -0.325 -0.231 -0.339 -0.163 -0.177 -0.209
 1966     99     99    100     95     95     89     89     90     93     96     97     99
 1967 -0.168 -0.211 -0.229 -0.273 -0.050 -0.135 -0.113 -0.189 -0.183 -0.295 -0.188 -0.315 -0.196
 1967     99     99     98     97     93     92     90     93     90     93     98     99
 1968 -0.304 -0.320 -0.262 -0.264 -0.348 -0.212 -0.246 -0.137 -0.360  0.086  0.009 -0.017 -0.198
 1968    100     98     99     97     94     94     92     93     91     93     98     99
 1969  0.087  0.084  0.038  0.180  0.134  0.143 -0.171 -0.106  0.001  0.044 -0.026  0.045  0.038
 1969    100     99     97     98     95     93     96     94     95     95     98    100
 1970  0.071  0.001  0.004 -0.032 -0.134 -0.181 -0.108 -0.281  0.047  0.119 -0.046 -0.033 -0.048
 1970    100    100    100     97     95     93     93     93     92     96     98    100
 1971 -0.091 -0.201 -0.300 -0.187 -0.173 -0.312 -0.168 -0.112 -0.071 -0.101 -0.231 -0.247 -0.183
 1971     98    100     98     98     91     93     94     92     95     98     98    100
 1972 -0.070  0.002 -0.084 -0.064  0.066  0.082 -0.056  0.223  0.155 -0.037  0.165  0.364  0.062
 1972    100     99     99     98     94     92     93     94     95     97     98     99
 1973  0.177  0.065  0.101  0.257  0.174  0.113  0.071 -0.036  0.052  0.121  0.035 -0.190  0.078
 1973    100     99     99     98     95     97     96     95     93     96     99    100
 1974 -0.169 -0.399 -0.315 -0.235 -0.010 -0.007 -0.117  0.164 -0.028  0.028  0.027 -0.082 -0.095
 1974    100    100     99     97     94     93     92     92     93     95     95     99
 1975 -0.154 -0.089 -0.016 -0.122  0.155 -0.036 -0.082 -0.313 -0.140 -0.087 -0.178 -0.265 -0.111
 1975     98    100     98     97     95     92     90     94     96     93     97     99
 1976 -0.306 -0.200 -0.226 -0.327 -0.408 -0.248 -0.076 -0.272 -0.209 -0.195  0.055  0.252 -0.180
 1976     99    100     97     94     95     92     90     92     92     94     94     96
 1977  0.421  0.226  0.100  0.101  0.251  0.195  0.221  0.223 -0.146  0.000  0.010 -0.077  0.127
 1977     99    100     98     96     95     94     92     95     94     94     97     97
 1978 -0.046  0.071  0.027  0.068  0.117  0.062  0.137 -0.263  0.098 -0.073  0.033  0.038  0.022
 1978     99     98     99     97     95     94     92     93     92     93     98     99
 1979  0.112  0.069  0.140  0.350 -0.010  0.065 -0.034  0.200  0.186  0.128  0.273  0.328  0.151
 1979    100    100    100     99     99     99     98     98     98     98     99     99
 1980  0.314  0.344  0.458  0.344  0.294  0.108  0.280  0.214  0.189  0.043  0.270  0.176  0.253
 1980    100    100    100    100     99     99     99     99     97     99     99    100
 1981  0.139  0.115  0.153  0.062  0.136  0.228  0.418  0.452  0.144 -0.107  0.005  0.175  0.160
 1981    100    100    100     98     98     97     95     97     97     98     99    100
 1982  0.099  0.018 -0.156 -0.028  0.182  0.005  0.132 -0.005 -0.000  0.088  0.261  0.346  0.078
 1982    100    100    100     99     97     95     96     95     95     97     99     99
 1983  0.352  0.433  0.272  0.353  0.455  0.231  0.032  0.307  0.394  0.133  0.036  0.069  0.255
 1983    100    100    100    100     97     96     97     97     97     98     98     99
 1984  0.118  0.147  0.215  0.114  0.245 -0.099  0.011  0.157  0.271  0.073  0.079  0.176  0.126
 1984    100    100    100     99     98     96     97     98     98     99     99    100
 1985  0.175  0.115  0.236  0.163  0.133  0.206  0.103  0.315  0.231  0.106  0.019  0.017  0.151
 1985    100    100    100    100     99     99     99     98     99     99     99    100
 1986  0.030  0.326  0.220  0.154  0.146  0.002  0.125  0.158  0.060  0.101  0.137  0.094  0.129
 1986    100    100    100    100    100     99     98     98     99     99    100    100
 1987  0.294  0.263  0.295  0.366  0.149  0.367  0.434  0.126  0.202  0.339  0.345  0.304  0.290
 1987    100    100    100     99     99     99     99     99     99    100    100    100
 1988  0.433  0.297  0.428  0.251  0.301  0.290  0.134  0.271  0.264  0.302  0.020 -0.007  0.249
 1988    100    100    100     99     99     99     98     98     98     98     98     99
 1989  0.027  0.100  0.118  0.039 -0.095 -0.033  0.227  0.248  0.348  0.274  0.173  0.268  0.141
 1989     99    100     99     99     99     98     97     98     98     98     99     99
 1990  0.255  0.228  0.263  0.316  0.316  0.159  0.430  0.169  0.023  0.323  0.315  0.290  0.257
 1990     99    100    100    100     99     99     98     97     99     99     99     98
 1991  0.142  0.309  0.194  0.335  0.263  0.413  0.476  0.373  0.352  0.182  0.186  0.284  0.293
 1991    100    100    100     99    100     99     99     99     99     99     99    100
 1992  0.243  0.288  0.257  0.253  0.238  0.285  0.056  0.135 -0.016  0.063  0.016  0.017  0.153
 1992    100    100    100     99     99     98     98     97     97     98     99     99
 1993  0.187  0.070  0.209  0.167  0.140  0.074  0.135  0.107  0.072  0.127  0.267  0.111  0.139
 1993    100    100    100     99     97     97     97     97     97     97     98     99
 1994  0.129  0.057  0.138  0.105  0.099  0.258  0.087  0.003  0.211  0.154  0.266  0.218  0.144
 1994    100    100    100     97     97     97     97     97     98     99    100    100
 1995  0.144  0.220  0.235  0.133  0.100  0.192  0.473  0.219  0.089  0.170  0.172  0.074  0.185
 1995    100     99     99     99     98     98     98     98     98     99     99    100
 1996  0.137  0.341  0.278  0.292  0.125  0.173  0.344  0.505  0.294  0.151  0.241  0.259  0.262
 1996    100    100    100     99     99     98     98     98     98     98     99     99
 1997  0.129  0.109  0.183  0.219  0.180  0.421  0.189  0.298  0.384  0.430  0.602  0.576  0.310
 1997     99    100     99     99     99     98     98     98     98     99    100    100
 1998  0.524  0.656  0.542  0.394  0.602  0.582  0.527  0.495  0.223  0.257  0.262  0.220  0.440
 1998    100    100    100     99     99     98     97     98     98     98     99    100
 1999  0.237  0.248  0.311  0.026  0.122  0.315  0.237  0.235  0.120  0.168  0.084 -0.032  0.173
 1999    100    100    100     99     99     98     98     98     98     98     99     99
 2000  0.028  0.176  0.160  0.219  0.085  0.272  0.210  0.237  0.220  0.064  0.272  0.158  0.175
 2000    100    100    100     99     99     98     98     98     97     98     99     99
 2001  0.204  0.351  0.367  0.320  0.362  0.376  0.409  0.347  0.409  0.320  0.401  0.337  0.350
 2001     99    100     99     99     98     98     98     98     98     98     98     99
 2002  0.434  0.350  0.606  0.620  0.529  0.251  0.496  0.425  0.375  0.426  0.266  0.239  0.418
 2002    100    100    100     99     98     99     98     98     98     98     99    100
 2003  0.427  0.481  0.398  0.351  0.335  0.319  0.307  0.420  0.360  0.333  0.308  0.375  0.368
 2003    100    100    100    100     99     99     99     98     98     98     99    100
 2004  0.352  0.434  0.321  0.330  0.212  0.167 -0.015  0.340  0.317  0.373  0.366  0.417  0.301
 2004    100    100    100     99     99     98     98     98     98     98     99    100
 2005  0.441  0.395  0.478  0.372  0.313  0.357  0.337  0.443  0.388  0.436  0.250  0.378  0.382
 2005    100    100     99     99     99     99     98     98     98     98     99     99
 2006  0.397  0.394  0.365  0.358  0.197  0.366  0.318  0.527  0.293  0.274  0.395  0.321  0.350
 2006    100    100    100     99     99     99     98     98     98     99    100    100
 2007  0.472  0.387  0.376  0.351  0.458  0.355  0.433  0.409  0.334  0.307  0.255  0.078  0.351
 2007    100    100    100    100     99     99     99     98     98     98    100    100
 2008  0.132  0.069  0.249  0.254  0.227  0.145  0.432  0.267  0.466  0.291  0.304  0.278  0.260
 2008    100    100    100    100     99     98     98     98     98     99     99    100
 2009  0.341  0.298  0.402  0.378  0.526  0.581  0.661  0.523  0.505  0.426  0.617  0.586  0.487
 2009    100    100    100    100     99     99     98     98     98     99     99    100
 2010  0.597  0.640  0.672  0.483  0.490  0.418  0.329  0.348  0.427  0.382  0.258  0.251  0.441
 2010    100    100    100    100     99     99     98     98     98     99     99    100
 2011  0.317  0.349  0.302  0.374  0.235  0.335  0.544  0.552  0.349  0.266  0.388  0.190  0.350
 2011    100    100    100    100     99     99     99     99     99     99     99    100
 2012  0.144  0.331  0.319  0.223  0.377  0.319  0.273  0.482  0.422  0.581  0.511  0.469  0.371
 2012    100    100    100    100     99     98     99     98     98     98     99    100
 2013  0.490  0.394  0.400  0.428  0.342  0.561  0.484  0.504  0.692  0.458  0.480  0.413  0.470
 2013    100    100    100     99     99     99     99     98     98     99     99    100
 2014  0.470  0.330  0.332  0.444  0.595  0.398  0.340  0.470  0.602  0.498  0.432  0.344  0.438
 2014    100    100    100    100     99     99     98     98     99     99     99    100
 2015  0.414  0.500  0.479  0.407  0.446  0.446  0.470  0.532  0.439  0.759  0.660  0.679  0.519
 2015    100    100    100    100     99     99     98     98     99     99    100    100
 2016  0.682  0.704  0.727  0.653  0.645  0.403  0.497  0.760  0.476  0.616  0.637  0.528  0.611
 2016    100    100    100    100    100     99     99     98     98     99     99    100
 2017  0.607  0.736  0.715  0.518  0.680  0.418  0.640  0.571  0.487  0.633  0.504  0.393  0.575
 2017    100    100    100    100    100     99     99     98     99     99     99    100
 2018  0.429  0.448  0.550  0.686  0.561  0.598  0.608  0.610  0.473  0.601  0.596  0.628  0.566
 2018    100    100    100     99    100     99     98     98     98     99     99    100
 2019  0.617  0.692  0.756  0.697  0.580  0.497  0.663  0.568  0.407  0.642  0.766  0.777  0.638
 2019    100    100    100    100     99     99     98     98     98     99     99    100
 2020  0.705  0.631  0.656  0.787  0.600  0.540  0.539  0.498  0.568  0.454  0.577  0.280  0.570
 2020    100    100    100     99    100     98     98     98     98     99     99     99
